desc: I1 cache:         32768 B, 64 B, 8-way associative
desc: D1 cache:         32768 B, 64 B, 8-way associative
desc: LL cache:         2097152 B, 64 B, 8-way associative
cmd: ./tp2 8
events: Ir I1mr ILmr Dr D1mr DLmr Dw D1mw DLmw 
fl=/build/eglibc-X4bnBz/eglibc-2.19/csu/../sysdeps/x86_64/multiarch/init-arch.c
fn=__init_cpu_features
31 9 1 1 0 0 0 4 0 0
37 3 0 0 0 0 0 0 0 0
38 4 0 0 0 0 0 1 0 0
39 3 0 0 0 0 0 1 0 0
45 7 1 1 0 0 0 5 0 0
54 5 0 0 0 0 0 1 0 0
57 6 1 1 0 0 0 0 0 0
59 2 0 0 0 0 0 0 0 0
65 3 1 1 0 0 0 0 0 0
66 2 0 0 0 0 0 0 0 0
71 2 0 0 0 0 0 0 0 0
74 5 0 0 2 0 0 0 0 0
101 2 1 1 0 0 0 0 0 0
152 2 0 0 1 0 0 0 0 0
153 9 1 1 0 0 0 4 1 1
160 3 0 0 1 0 0 0 0 0
184 6 2 2 1 0 0 0 0 0
185 4 0 0 2 0 0 0 0 0
186 2 0 0 1 0 0 0 0 0
189 1 0 0 0 0 0 1 0 0
190 2 0 0 1 0 0 1 0 0
192 1 0 0 0 0 0 1 0 0
193 6 0 0 5 0 0 0 0 0
fl=/build/eglibc-X4bnBz/eglibc-2.19/csu/init-first.c
fn=_init
52 10 1 1 3 0 0 5 0 0
58 4 0 0 1 0 0 1 1 1
65 5 2 2 4 0 0 0 0 0
70 1 0 0 0 0 0 1 0 0
71 1 0 0 0 0 0 1 1 1
72 2 0 0 1 1 0 1 1 1
86 4 0 0 0 0 0 4 0 0
94 1 0 0 0 0 0 0 0 0
99 5 0 0 4 0 0 0 0 0
fl=/build/eglibc-X4bnBz/eglibc-2.19/csu/libc-start.c
fn=(below main)
133 9 1 1 2 0 0 5 0 0
137 7 2 2 1 0 0 1 0 0
219 2 0 0 0 0 0 0 0 0
220 4 1 1 0 0 0 4 0 0
242 4 0 0 2 0 0 0 0 0
245 2 0 0 0 0 0 0 0 0
246 8 1 1 4 0 0 4 0 0
250 4 0 0 2 0 0 0 0 0
265 2 0 0 0 0 0 0 0 0
274 3 0 0 0 0 0 2 0 0
275 2 0 0 0 0 0 0 0 0
280 2 0 0 1 1 0 1 0 0
281 2 0 0 1 1 0 1 0 0
284 2 0 0 0 0 0 1 0 0
287 8 0 0 5 0 0 4 0 0
321 2 1 1 0 0 0 2 1 1
fl=/build/eglibc-X4bnBz/eglibc-2.19/ctype/ctype-info.c
fn=__ctype_init
29 4 1 1 0 0 0 3 0 0
31 8 0 0 6 1 0 1 0 0
33 4 1 1 2 0 0 1 0 0
35 4 0 0 2 0 0 1 0 0
36 3 0 0 3 0 0 0 0 0
fl=/build/eglibc-X4bnBz/eglibc-2.19/elf/../elf/dl-sysdep.c
fn=_dl_sysdep_start
86 8 1 1 1 0 0 5 1 1
87 20 1 1 8 0 0 11 0 0
88 2 0 0 0 0 0 0 0 0
107 1 0 0 0 0 0 0 0 0
110 1 0 0 0 0 0 1 0 0
111 320 1 1 79 5 5 4 2 2
114 2 0 0 0 0 0 1 0 0
115 1 0 0 0 0 0 1 0 0
117 91 3 3 27 2 2 4 0 0
118 108 0 0 17 3 3 0 0 0
121 1 0 0 1 0 0 0 0 0
122 1 0 0 0 0 0 0 0 0
124 1 0 0 1 0 0 0 0 0
125 1 0 0 0 0 0 0 0 0
127 2 1 1 1 0 0 1 0 0
128 1 0 0 0 0 0 0 0 0
130 2 0 0 1 0 0 1 0 0
131 1 0 0 0 0 0 0 0 0
151 2 1 1 1 0 0 1 0 0
152 1 0 0 0 0 0 0 0 0
154 1 0 0 1 0 0 0 0 0
155 1 0 0 0 0 0 0 0 0
157 4 1 1 1 0 0 2 0 0
158 1 0 0 0 0 0 0 0 0
163 2 0 0 1 0 0 1 0 0
164 1 0 0 0 0 0 0 0 0
179 2 0 0 1 0 0 1 0 0
180 1 0 0 0 0 0 0 0 0
212 18 1 1 7 0 0 9 0 0
232 4 0 0 0 0 0 3 0 0
234 5 0 0 0 0 0 2 0 0
246 3 0 0 1 0 0 0 0 0
249 7 1 1 2 0 0 5 0 0
250 1 1 0 1 1 0 0 0 0
251 6 0 0 5 1 0 0 0 0
fn=_dl_sysdep_start_cleanup
256 1 1 1 1 0 0 0 0 0
fl=/build/eglibc-X4bnBz/eglibc-2.19/elf/../misc/sbrk.c
fn=sbrk
34 7 1 1 1 0 0 4 0 0
42 6 0 0 2 1 1 0 0 0
46 2 0 0 0 0 0 0 0 0
57 6 1 1 4 0 0 0 0 0
fl=/build/eglibc-X4bnBz/eglibc-2.19/elf/../sysdeps/i386/dl-machine.h
fn=_dl_fixup
274 24 0 0 12 0 0 12 0 0
fn=_dl_relocate_object
103 28 1 1 12 0 0 0 0 0
109 6 1 1 6 2 0 0 0 0
113 9 0 0 3 3 2 0 0 0
118 6 0 0 3 0 0 3 0 0
126 9 0 0 3 0 0 0 0 0
139 9 1 1 0 0 0 3 0 0
308 111 0 0 0 0 0 0 0 0
311 227 0 0 0 0 0 5 0 0
328 222 0 0 0 0 0 0 0 0
337 5786 10 10 1648 97 89 1129 2 0
338 413 0 0 210 0 0 5 0 0
340 12 1 1 0 0 0 0 0 0
341 420 0 0 105 0 0 0 0 0
347 555 0 0 111 4 4 0 0 0
357 263 2 2 91 0 0 86 2 0
370 6 1 1 0 0 0 0 0 0
371 12 0 0 6 0 0 3 0 0
401 6 0 0 0 0 0 3 0 0
438 30 1 1 10 0 0 0 0 0
440 40 0 0 10 0 0 0 0 0
441 70 0 0 30 6 6 10 0 0
448 27 1 1 18 4 4 0 0 0
454 9 0 0 3 0 0 0 0 0
458 15 0 0 9 0 0 0 0 0
459 3 0 0 0 0 0 0 0 0
465 11 0 0 0 0 0 4 0 0
469 24 0 0 3 0 0 12 0 0
502 16 1 1 0 0 0 4 0 0
511 8 1 1 8 0 0 0 0 0
610 8 0 0 0 0 0 4 0 0
639 2518 0 0 1260 156 156 0 0 0
640 1256 0 0 1256 130 129 0 0 0
660 87 0 0 58 0 0 0 0 0
661 58 0 0 29 3 3 0 0 0
663 58 0 0 0 0 0 0 0 0
665 100 0 0 50 0 0 0 0 0
666 25 0 0 25 0 0 0 0 0
671 8 1 1 0 0 0 0 0 0
718 8 1 1 0 0 0 0 0 0
720 12 0 0 12 0 0 0 0 0
721 12 1 1 4 0 0 0 0 0
722 4 0 0 0 0 0 4 0 0
723 8 0 0 0 0 0 4 0 0
fn=_dl_start
59 3 1 1 1 1 1 0 0 0
308 9 0 0 0 0 0 0 0 0
338 27 0 0 27 5 5 0 0 0
341 36 0 0 9 0 0 0 0 0
347 54 0 0 9 1 1 0 0 0
357 27 1 1 9 0 0 9 0 0
409 2 0 0 0 0 0 1 0 0
639 22 1 1 11 1 1 0 0 0
640 11 0 0 11 2 2 0 0 0
fn=_dl_sysdep_start
264 5 1 1 2 1 1 0 0 0
fl=/build/eglibc-X4bnBz/eglibc-2.19/elf/../sysdeps/i386/dl-procinfo.h
fn=_dl_load_cache_lookup
100 4 0 0 0 0 0 0 0 0
101 12 0 0 0 0 0 0 0 0
103 20 0 0 0 0 0 12 0 0
104 1 0 0 0 0 0 0 0 0
fl=/build/eglibc-X4bnBz/eglibc-2.19/elf/../sysdeps/i386/dl-tlsdesc.S
fn=???
130 1122 1 1 1122 0 0 0 0 0
fl=/build/eglibc-X4bnBz/eglibc-2.19/elf/../sysdeps/i386/dl-trampoline.S
fn=_dl_runtime_resolve
28 12 1 1 0 0 0 12 0 0
30 12 0 0 0 0 0 12 1 0
32 12 0 0 0 0 0 12 0 0
34 12 0 0 12 0 0 0 0 0
35 12 0 0 12 0 0 0 0 0
36 12 0 0 0 0 0 12 0 0
37 12 1 1 12 0 0 0 0 0
39 12 0 0 12 0 0 0 0 0
40 12 0 0 0 0 0 12 0 0
41 12 0 0 12 0 0 0 0 0
42 12 0 0 12 0 0 0 0 0
fl=/build/eglibc-X4bnBz/eglibc-2.19/elf/../sysdeps/unix/sysv/linux/dl-osinfo.h
fn=security_init
61 2 0 0 0 0 0 0 0 0
84 2 1 1 1 0 0 1 0 0
86 1 0 0 1 0 0 0 0 0
93 1 0 0 1 0 0 0 0 0
101 2 0 0 0 0 0 0 0 0
112 1 0 0 1 0 0 0 0 0
fl=/build/eglibc-X4bnBz/eglibc-2.19/elf/../sysdeps/unix/sysv/linux/dl-sysdep.c
fn=_dl_discover_osversion
45 7 1 1 0 0 0 5 0 0
47 4 0 0 1 0 0 1 1 1
87 6 2 2 0 0 0 2 0 0
102 1 0 0 0 0 0 0 0 0
106 1 0 0 0 0 0 0 0 0
107 1 0 0 0 0 0 0 0 0
109 12 0 0 3 1 1 0 0 0
111 6 0 0 0 0 0 0 0 0
113 17 0 0 4 1 1 0 0 0
115 1 0 0 0 0 0 0 0 0
116 2 0 0 0 0 0 0 0 0
119 3 1 1 0 0 0 0 0 0
120 3 0 0 0 0 0 0 0 0
121 3 0 0 0 0 0 0 0 0
123 13 0 0 0 0 0 0 0 0
128 2 0 0 0 0 0 0 0 0
131 1 0 0 0 0 0 0 0 0
132 6 0 0 5 0 0 0 0 0
fn=_dl_sysdep_start
35 2 0 0 0 0 0 2 0 0
fl=/build/eglibc-X4bnBz/eglibc-2.19/elf/../sysdeps/unix/sysv/linux/i386/brk.c
fn=brk
33 4 1 1 1 0 0 2 0 0
37 5 1 1 0 0 0 0 0 0
39 1 0 0 0 0 0 1 0 0
41 2 0 0 0 0 0 0 0 0
47 1 0 0 0 0 0 0 0 0
48 2 0 0 2 0 0 0 0 0
fl=/build/eglibc-X4bnBz/eglibc-2.19/elf/dl-addr.c
fn=_dl_addr
30 2 0 0 1 0 0 1 0 0
31 2 0 0 1 0 0 1 0 0
34 2 0 0 1 0 0 0 0 0
38 1 0 0 0 0 0 0 0 0
39 4 0 0 3 0 0 1 0 0
40 3 1 1 2 0 0 1 0 0
42 3 0 0 2 0 0 1 0 0
45 3 0 0 1 1 0 0 0 0
50 3042 1 1 2024 0 0 3 0 0
52 2022 0 0 2022 57 21 0 0 0
53 2022 0 0 0 0 0 0 0 0
55 3644 0 0 2733 0 0 0 0 0
61 13180 1 1 2384 581 504 911 0 0
63 11920 0 0 2384 0 0 0 0 0
64 19726 0 0 10924 0 0 0 0 0
71 12931 1 1 8163 137 89 0 0 0
99 3 0 0 1 0 0 0 0 0
100 2 0 0 1 0 0 1 1 0
101 3 0 0 1 0 0 0 0 0
104 3 0 0 1 0 0 0 0 0
116 2 1 1 1 0 0 1 0 0
117 2 1 1 0 0 0 1 0 0
126 12 1 1 0 0 0 8 0 0
131 5 0 0 3 1 0 2 0 0
133 4 1 1 0 0 0 2 0 0
135 2 0 0 0 0 0 0 0 0
138 1 0 0 0 0 0 0 0 0
141 5 1 1 3 2 0 2 0 0
144 7 1 1 5 0 0 0 0 0
fl=/build/eglibc-X4bnBz/eglibc-2.19/elf/dl-altinit.c
fn=dlinit_alt
33 4 0 0 3 0 0 0 0 0
41 3 1 1 0 0 0 2 0 0
43 2 0 0 2 0 0 0 0 0
fl=/build/eglibc-X4bnBz/eglibc-2.19/elf/dl-cache.c
fn=_dl_cache_libcmp
138 72 1 1 0 0 0 48 0 0
139 237 0 0 60 0 0 0 0 0
141 174 0 0 0 0 0 0 0 0
143 64 1 1 59 0 0 0 0 0
149 5 0 0 0 0 0 0 0 0
150 5 0 0 1 0 0 1 0 0
151 4 0 0 1 0 0 0 0 0
153 8 1 1 3 0 0 1 0 0
155 2 0 0 0 0 0 0 0 0
161 285 1 1 57 10 10 0 0 0
163 228 1 1 0 0 0 0 0 0
164 44 0 0 0 0 0 0 0 0
167 46 0 0 0 0 0 0 0 0
168 46 0 0 46 0 0 0 0 0
171 2 0 0 1 0 0 0 0 0
172 60 0 0 48 0 0 0 0 0
fn=_dl_load_cache_lookup
182 8 1 1 0 0 0 6 0 0
190 2 1 1 1 0 0 0 0 0
193 3 0 0 1 0 0 0 0 0
196 5 1 1 0 0 0 1 0 0
204 5 1 1 1 0 0 0 0 0
205 7 0 0 0 0 0 4 0 0
209 1 0 0 0 0 0 1 0 0
212 3 1 1 1 0 0 0 0 0
215 2 0 0 0 0 0 1 0 0
216 3 0 0 0 0 0 0 0 0
217 7 0 0 0 0 0 4 0 0
219 2 1 1 0 0 0 0 0 0
244 4 0 0 1 0 0 1 0 0
253 3 1 1 0 0 0 1 0 0
255 1 0 0 1 0 0 0 0 0
257 10 0 0 0 0 0 2 0 0
259 5 1 1 0 0 0 4 0 0
263 17 2 2 8 0 0 7 0 0
264 1 0 0 0 0 0 0 0 0
278 290 7 7 80 8 8 17 0 0
294 2 0 0 1 0 0 0 0 0
299 7 0 0 5 0 0 0 0 0
fn=_dl_unload_cache
308 4 1 1 0 0 0 2 0 0
309 4 0 0 1 1 0 0 0 0
311 4 0 0 1 0 0 3 0 0
312 1 1 0 0 0 0 1 0 0
314 3 0 0 2 0 0 0 0 0
fl=/build/eglibc-X4bnBz/eglibc-2.19/elf/dl-debug.c
fn=_dl_debug_initialize
47 16 2 1 0 0 0 8 0 0
50 8 1 1 0 0 0 0 0 0
51 4 0 0 4 0 0 0 0 0
55 14 1 1 4 0 0 0 0 0
58 1 0 0 0 0 0 1 0 0
59 2 0 0 0 0 0 1 0 0
60 3 0 0 1 0 0 1 0 0
61 2 0 0 0 0 0 1 0 0
65 8 0 0 8 0 0 0 0 0
fn=_dl_debug_state
74 2 0 0 2 0 0 0 0 0
fl=/build/eglibc-X4bnBz/eglibc-2.19/elf/dl-deps.c
fn=_dl_map_object_deps
147 11 1 1 0 0 0 7 0 0
148 9 2 2 0 0 0 2 0 0
160 2 0 0 0 0 0 2 0 0
161 3 0 0 1 0 0 2 0 0
162 7 0 0 1 0 0 3 0 0
168 9 1 1 2 0 0 2 0 0
178 12 0 0 4 0 0 3 0 0
179 3 0 0 3 0 0 0 0 0
182 3 0 0 0 0 0 2 0 0
188 1 0 0 0 0 0 1 0 0
189 1 0 0 0 0 0 1 0 0
201 2 0 0 1 0 0 1 0 0
202 17 0 0 6 0 0 7 0 0
203 1 0 0 0 0 0 1 0 0
204 2 1 1 0 0 0 2 0 0
209 4 0 0 0 0 0 4 0 0
210 4 0 0 0 0 0 4 0 0
213 8 0 0 4 0 0 4 0 0
217 28 2 2 12 0 0 0 0 0
218 19 1 1 9 0 0 0 0 0
220 2 0 0 0 0 0 0 0 0
222 6 0 0 2 0 0 2 0 0
224 30 1 1 2 0 0 6 0 0
229 28 0 0 12 0 0 0 0 0
231 8 0 0 6 0 0 2 0 0
236 2 0 0 0 0 0 2 0 0
237 4 0 0 0 0 0 2 0 0
238 4 0 0 2 0 0 2 0 0
239 4 0 0 2 0 0 2 0 0
242 206 1 1 54 0 0 2 0 0
243 96 0 0 0 0 0 0 0 0
249 14 1 1 4 0 0 6 0 0
251 2 0 0 0 0 0 2 0 0
254 18 0 0 2 0 0 6 0 0
256 6 1 1 2 0 0 0 0 0
271 2 0 0 2 0 0 0 0 0
273 4 0 0 2 0 0 0 0 0
278 6 0 0 0 0 0 0 0 0
281 2 0 0 0 0 0 2 0 0
282 2 0 0 0 0 0 2 0 0
283 2 0 0 0 0 0 2 0 0
284 4 0 0 2 0 0 2 0 0
286 8 0 0 2 0 0 2 0 0
288 10 1 1 2 0 0 4 0 0
292 6 0 0 2 0 0 0 0 0
293 4 0 0 1 0 0 2 0 0
295 138 1 1 0 0 0 0 0 0
343 2 0 0 0 0 0 1 0 0
471 12 0 0 4 0 0 0 0 0
473 6 1 1 2 0 0 2 0 0
475 6 0 0 0 0 0 4 0 0
476 2 0 0 0 0 0 0 0 0
477 4 0 0 0 0 0 0 0 0
480 4 0 0 2 0 0 2 0 0
481 16 0 0 2 0 0 10 0 0
482 12 0 0 2 0 0 8 0 0
485 4 0 0 2 0 0 2 0 0
486 2 0 0 2 0 0 0 0 0
490 24 1 1 12 0 0 0 0 0
492 4 0 0 4 0 0 0 0 0
493 17 0 0 3 0 0 0 0 0
497 6 1 1 2 0 0 0 0 0
498 2 0 0 1 0 0 1 0 0
501 5 1 1 2 0 0 1 0 0
511 3 1 1 0 0 0 3 0 0
512 2 0 0 1 0 0 0 0 0
514 2 0 0 0 0 0 0 0 0
519 5 0 0 3 0 0 1 0 0
520 1 0 0 0 0 0 1 0 0
522 14 0 0 5 0 0 0 0 0
524 16 0 0 8 0 0 0 0 0
528 16 1 1 8 0 0 4 0 0
532 4 0 0 4 0 0 0 0 0
535 3 0 0 1 0 0 1 0 0
586 6 0 0 3 0 0 1 0 0
587 1 0 0 0 0 0 1 0 0
588 4 1 1 2 0 0 0 0 0
623 9 2 2 2 0 0 5 0 0
625 3 0 0 0 0 0 0 0 0
629 13 1 1 6 0 0 3 0 0
630 9 2 2 1 0 0 2 0 0
631 8 0 0 1 0 0 5 0 0
635 6 0 0 3 0 0 3 0 0
636 21 0 0 6 0 0 6 0 0
642 21 0 0 8 0 0 0 0 0
644 6 0 0 6 0 0 0 0 0
645 8 1 1 0 0 0 0 0 0
647 9 0 0 3 0 0 0 0 0
648 6 0 0 0 0 0 0 0 0
658 1 1 1 1 0 0 0 0 0
670 6 0 0 0 0 0 0 0 0
673 12 0 0 6 0 0 3 0 0
676 28 1 1 6 0 0 10 0 0
683 3 0 0 2 0 0 1 0 0
685 2 0 0 1 0 0 1 0 0
686 1 0 0 1 0 0 0 0 0
687 3 0 0 1 0 0 0 0 0
694 3 1 1 1 0 0 0 0 0
697 3 0 0 1 0 0 0 0 0
700 6 0 0 5 0 0 0 0 0
fn=openaux
60 12 1 1 2 0 0 6 0 0
63 36 0 0 12 0 0 14 1 1
64 4 0 0 2 0 0 0 0 0
67 2 0 0 2 0 0 0 0 0
68 10 0 0 8 0 0 0 0 0
fl=/build/eglibc-X4bnBz/eglibc-2.19/elf/dl-environ.c
fn=_dl_next_ld_env_entry
30 3 1 1 3 0 0 0 0 0
31 1 0 0 0 0 0 0 0 0
33 234 0 0 78 0 0 0 0 0
35 154 0 0 77 39 39 0 0 0
36 38 1 1 19 1 1 0 0 0
38 2 0 0 0 0 0 0 0 0
41 4 0 0 0 0 0 2 0 0
43 2 0 0 0 0 0 0 0 0
46 75 0 0 0 0 0 0 0 0
50 6 0 0 3 0 0 0 0 0
fl=/build/eglibc-X4bnBz/eglibc-2.19/elf/dl-error.c
fn=_dl_catch_error
163 15 1 1 0 0 0 9 0 0
175 6 0 0 0 0 0 6 1 1
176 6 0 0 0 0 0 6 0 0
177 6 0 0 0 0 0 6 0 0
178 6 1 1 0 0 0 3 0 0
180 9 0 0 3 0 0 6 1 1
181 6 0 0 3 0 0 3 0 0
182 6 0 0 0 0 0 3 0 0
185 21 0 0 0 0 0 9 0 0
187 9 1 1 6 0 0 6 0 0
188 9 0 0 6 0 0 3 0 0
189 6 0 0 3 0 0 3 0 0
190 6 0 0 3 0 0 3 0 0
191 6 0 0 3 0 0 3 0 0
199 15 0 0 9 0 0 0 0 0
fn=_dl_receive_error
205 10 1 1 0 0 0 6 0 0
206 2 0 0 1 0 0 1 0 0
210 2 0 0 1 0 0 1 0 0
211 2 0 0 1 0 0 1 0 0
214 1 1 1 0 0 0 1 0 0
215 1 0 0 0 0 0 1 0 0
217 3 0 0 1 0 0 2 0 0
219 2 0 0 1 0 0 1 0 0
220 2 0 0 1 0 0 1 0 0
221 6 0 0 5 0 0 0 0 0
fl=/build/eglibc-X4bnBz/eglibc-2.19/elf/dl-fini.c
fn=_dl_fini
131 10 1 1 0 0 0 6 0 0
143 3 0 0 0 0 0 2 0 0
144 1 0 0 0 0 0 1 0 0
150 1 1 1 0 0 0 1 0 0
153 16 1 1 4 1 1 5 0 0
156 4 1 1 3 1 1 2 0 0
159 2 0 0 2 1 1 0 0 0
162 2 0 0 0 0 0 0 0 0
164 6 0 0 3 0 0 0 0 0
171 3 0 0 1 0 0 1 0 0
175 3 0 0 1 0 0 0 0 0
177 3 1 1 1 0 0 0 0 0
180 7 0 0 0 0 0 2 0 0
183 3 0 0 1 0 0 0 0 0
191 12 0 0 4 0 0 0 0 0
193 8 0 0 4 0 0 0 0 0
195 8 0 0 0 0 0 0 0 0
197 4 0 0 0 0 0 4 0 0
198 4 1 1 0 0 0 4 2 2
199 4 0 0 0 0 0 0 0 0
203 4 0 0 4 0 0 0 0 0
205 3 0 0 0 0 0 1 0 0
210 8 0 0 3 0 0 2 0 0
219 3 1 1 2 0 0 2 0 0
223 21 1 1 13 0 0 1 0 0
225 12 0 0 12 0 0 0 0 0
227 12 0 0 4 0 0 0 0 0
230 8 0 0 0 0 0 4 0 0
233 12 1 1 4 3 3 0 0 0
234 6 0 0 2 0 0 0 0 0
237 4 0 0 2 0 0 0 0 0
239 3 0 0 0 0 0 1 0 0
244 4 0 0 0 0 0 0 0 0
248 6 0 0 4 0 0 0 0 0
249 6 0 0 4 0 0 0 0 0
251 18 1 1 2 0 0 2 0 0
252 2 0 0 2 2 2 2 0 0
256 6 0 0 2 0 0 0 0 0
257 6 0 0 4 0 0 2 0 0
262 28 0 0 8 1 1 0 0 0
278 4 0 0 4 0 0 0 0 0
283 6 0 0 2 0 0 0 0 0
289 2 1 1 1 0 0 0 0 0
296 6 0 0 5 0 0 0 0 0
fn=_dl_sort_fini
32 13 1 1 0 0 0 9 0 0
34 2 0 0 0 0 0 0 0 0
39 5 1 1 1 0 0 1 0 0
40 6 0 0 0 0 0 1 0 0
41 10 1 1 2 0 0 6 0 0
45 12 0 0 3 0 0 6 0 0
46 24 0 0 6 0 0 6 0 0
50 15 1 1 6 0 0 0 0 0
56 9 0 0 3 0 0 4 0 0
57 21 0 0 11 0 0 0 0 0
59 6 0 0 6 0 0 0 0 0
60 8 0 0 0 0 0 0 0 0
62 9 0 0 3 1 1 0 0 0
63 6 0 0 0 0 0 0 0 0
93 9 1 1 3 0 0 0 0 0
114 6 0 0 3 0 0 0 0 0
118 13 0 0 6 0 0 3 0 0
121 35 1 1 12 0 0 10 0 0
125 6 0 0 5 0 0 0 0 0
fl=/build/eglibc-X4bnBz/eglibc-2.19/elf/dl-hwcaps.c
fn=_dl_important_hwcaps
39 12 2 2 0 0 0 8 0 0
41 6 0 0 4 0 0 2 0 0
42 5 0 0 0 0 0 2 0 0
51 549 2 2 137 0 0 81 0 0
52 216 0 0 54 0 0 0 0 0
53 54 0 0 27 0 0 0 0 0
61 4 0 0 1 0 0 1 0 0
92 2 1 1 0 0 0 0 0 0
113 3 1 1 1 0 0 1 0 0
115 8 0 0 1 0 0 4 0 0
130 6 0 0 0 0 0 1 0 0
131 2 0 0 0 0 0 0 0 0
133 2 1 1 0 0 0 0 0 0
145 2 1 1 0 0 0 0 0 0
162 116 3 3 30 0 0 1 0 0
163 270 0 0 27 0 0 0 0 0
165 22 1 1 10 0 0 7 0 0
166 8 0 0 2 0 0 6 0 0
167 24 0 0 2 0 0 0 0 0
168 2 0 0 2 0 0 0 0 0
170 2 0 0 1 0 0 0 0 0
172 3 0 0 2 0 0 1 0 0
173 6 0 0 2 0 0 1 0 0
177 3 1 1 1 0 0 1 0 0
178 1 0 0 0 0 0 1 0 0
181 2 0 0 1 0 0 0 0 0
184 2 0 0 1 0 0 0 0 0
185 1 0 0 1 0 0 0 0 0
188 8 1 1 3 0 0 3 0 0
189 2 0 0 1 0 0 0 0 0
191 1 0 0 0 0 0 0 0 0
192 12 0 0 3 0 0 0 0 0
193 4 0 0 2 0 0 0 0 0
194 2 0 0 1 0 0 0 0 0
195 2 0 0 1 0 0 0 0 0
196 3 0 0 0 0 0 0 0 0
197 3 1 1 1 0 0 0 0 0
201 4 0 0 1 0 0 0 0 0
207 7 0 0 2 0 0 2 0 0
208 5 1 1 0 0 0 3 0 0
209 2 0 0 0 0 0 0 0 0
238 5 0 0 1 0 0 2 0 0
241 3 0 0 2 0 0 0 0 0
248 12 1 1 4 0 0 3 0 0
251 8 0 0 0 0 0 4 0 0
254 36 0 0 12 0 0 20 0 0
257 36 0 0 8 0 0 4 0 0
258 40 1 1 0 0 0 0 0 0
259 52 0 0 16 0 0 28 0 0
262 40 1 1 12 0 0 24 0 0
264 12 0 0 4 0 0 0 0 0
269 45 1 1 4 0 0 0 0 0
270 32 0 0 0 0 0 16 1 1
274 16 0 0 0 0 0 4 0 0
277 152 0 0 8 0 0 0 0 0
278 192 1 1 64 0 0 0 0 0
279 96 0 0 64 0 0 0 0 0
281 8 0 0 0 0 0 0 0 0
284 2 0 0 1 0 0 0 0 0
285 3 0 0 1 0 0 0 0 0
286 28 2 2 10 0 0 1 0 0
288 30 0 0 6 0 0 0 0 0
289 9 0 0 6 0 0 3 0 0
291 6 0 0 3 0 0 3 0 0
292 6 0 0 0 0 0 0 0 0
299 24 0 0 8 0 0 8 0 0
300 8 0 0 0 0 0 0 0 0
302 16 0 0 0 0 0 0 0 0
305 4 0 0 3 0 0 1 0 0
307 1 0 0 0 0 0 0 0 0
308 6 0 0 5 0 0 0 0 0
fl=/build/eglibc-X4bnBz/eglibc-2.19/elf/dl-init.c
fn=_dl_init
36 38 1 1 17 0 0 13 0 0
86 10 1 1 0 0 0 7 0 0
87 1 0 0 1 0 0 0 0 0
88 1 0 0 1 0 0 0 0 0
91 3 0 0 1 1 0 0 0 0
94 2 1 1 0 0 0 1 0 0
98 2 0 0 0 0 0 0 0 0
124 2 1 1 1 0 0 0 0 0
125 19 0 0 0 0 0 0 0 0
126 8 0 0 8 0 0 0 0 0
132 6 0 0 5 0 0 0 0 0
fn=call_init.part.0
34 36 0 0 0 0 0 20 0 0
42 12 1 1 4 0 0 4 0 0
45 16 0 0 8 1 0 0 0 0
46 3 1 1 0 0 0 0 0 0
50 9 0 0 3 0 0 0 0 0
51 3 0 0 1 0 0 0 0 0
55 4 0 0 2 0 0 0 0 0
63 4 0 0 0 0 0 0 0 0
64 16 1 1 8 0 0 8 0 0
67 2 0 0 2 0 0 0 0 0
68 4 0 0 0 0 0 0 0 0
74 8 0 0 4 0 0 2 0 0
76 4 0 0 4 0 0 0 0 0
77 20 0 0 4 0 0 0 0 0
78 24 1 1 12 0 0 16 0 0
80 24 0 0 20 0 0 0 0 0
fl=/build/eglibc-X4bnBz/eglibc-2.19/elf/dl-load.c
fn=???
1512 46 0 0 46 0 0 0 0 0
fn=_dl_init_paths
714 9 1 1 0 0 0 5 0 0
727 8 1 1 2 0 0 3 0 0
731 1 0 0 0 0 0 1 0 0
732 3 0 0 0 0 0 3 0 0
733 2 0 0 0 0 0 0 0 0
740 3 0 0 0 0 0 0 0 0
741 3 0 0 1 0 0 1 0 0
744 2 0 0 1 0 0 1 0 0
745 4 1 1 0 0 0 3 0 0
747 3 0 0 1 0 0 0 0 0
753 1 0 0 0 0 0 1 0 0
754 1 0 0 0 0 0 1 0 0
762 18 0 0 4 0 0 10 0 0
764 9 0 0 3 0 0 5 1 1
765 4 0 0 0 0 0 4 0 0
767 13 2 2 3 0 0 7 1 1
768 10 0 0 6 1 1 4 0 0
769 25 0 0 7 0 0 4 0 0
772 9 0 0 6 1 1 0 0 0
773 220 1 1 8 0 0 4 0 0
774 64 0 0 0 0 0 64 4 4
776 20 0 0 8 0 0 5 0 0
782 1 0 0 0 0 0 1 0 0
783 3 1 1 2 0 0 1 0 0
787 1 0 0 1 0 0 0 0 0
788 2 0 0 0 0 0 0 0 0
790 4 0 0 1 0 0 0 0 0
792 3 0 0 1 0 0 0 0 0
809 1 0 0 0 0 0 1 0 0
811 3 1 1 1 0 0 0 0 0
825 2 1 1 0 0 0 1 0 0
830 4 1 1 1 0 0 0 0 0
838 5 1 1 0 0 0 3 0 0
840 13 1 1 0 0 0 7 0 0
856 3 0 0 0 0 0 0 0 0
857 46 0 0 15 0 0 0 0 0
859 14 0 0 0 0 0 0 0 0
860 28 0 0 0 0 0 0 0 0
861 14 0 0 0 0 0 0 0 0
864 1 1 1 0 0 0 1 0 0
865 2 0 0 0 0 0 2 0 0
866 2 0 0 0 0 0 0 0 0
872 11 0 0 2 0 0 6 0 0
876 4 0 0 2 0 0 0 0 0
882 1 0 0 0 0 0 1 0 0
886 6 0 0 5 0 0 0 0 0
fn=_dl_map_object
691 9 2 2 3 0 0 0 0 0
2317 30 1 1 0 0 0 21 2 2
2324 9 0 0 3 0 0 0 0 0
2325 9 1 1 6 0 0 0 0 0
2328 42 0 0 12 0 0 3 0 0
2333 21 1 1 7 0 0 0 0 0
2334 14 0 0 0 0 0 0 0 0
2336 36 0 0 0 0 0 7 0 0
2340 12 0 0 6 0 0 0 0 0
2341 18 1 1 6 0 0 0 0 0
2344 2 0 0 2 0 0 0 0 0
2345 4 0 0 4 0 0 0 0 0
2346 10 0 0 0 0 0 6 1 1
2362 4 0 0 2 0 0 0 0 0
2372 12 1 1 4 0 0 2 0 0
2396 2 0 0 0 0 0 2 0 0
2398 10 0 0 0 0 0 6 0 0
2402 4 1 1 0 0 0 3 0 0
2404 2 1 1 1 0 0 0 0 0
2411 6 0 0 2 0 0 0 0 0
2415 6 2 2 2 0 0 2 0 0
2416 1 0 0 0 0 0 1 0 0
2420 3 1 1 1 0 0 0 0 0
2421 1 0 0 0 0 0 0 0 0
2435 2 1 1 1 0 0 0 0 0
2436 8 1 1 2 0 0 1 0 0
2437 1 0 0 0 0 0 0 0 0
2446 2 0 0 1 0 0 0 0 0
2447 22 2 2 4 0 0 8 0 0
2453 7 0 0 1 0 0 1 0 0
2454 2 0 0 1 0 0 0 0 0
2456 1 1 1 1 0 0 0 0 0
2462 4 0 0 1 0 0 1 0 0
2464 3 1 1 1 0 0 0 0 0
2468 3 0 0 0 0 0 2 0 0
2470 2 0 0 0 0 0 0 0 0
2474 4 0 0 1 0 0 0 0 0
2482 2 0 0 1 0 0 0 0 0
2504 13 1 1 2 0 0 5 0 0
2507 3 1 1 0 0 0 1 0 0
2509 3 0 0 1 0 0 2 0 0
2510 3 0 0 1 0 0 0 0 0
2530 2 1 1 1 0 0 0 0 0
2536 1 0 0 0 0 0 1 0 0
2538 8 1 1 2 0 0 2 0 0
2539 3 0 0 0 0 0 0 0 0
2543 8 1 1 0 0 0 5 0 0
2546 2 0 0 0 0 0 0 0 0
2558 10 0 0 4 0 0 2 0 0
2560 4 1 1 0 0 0 0 0 0
2604 4 0 0 2 0 0 2 0 0
2605 32 1 1 10 0 0 16 0 0
2607 18 0 0 15 0 0 0 0 0
fn=_dl_map_object_from_fd
923 22 1 1 0 0 0 14 2 2
934 8 1 1 2 0 0 4 1 1
935 2 0 0 0 0 0 2 0 0
938 14 0 0 0 0 0 8 0 0
949 29 1 1 9 0 0 2 0 0
950 54 1 1 23 1 1 4 0 0
967 6 1 1 2 0 0 0 0 0
992 4 0 0 2 0 0 0 0 0
1002 4 1 1 2 0 0 0 0 0
1024 8 0 0 4 0 0 0 0 0
1056 4 0 0 0 0 0 0 0 0
1059 24 1 1 12 0 0 8 0 0
1060 4 0 0 0 0 0 0 0 0
1071 6 0 0 4 0 0 2 1 1
1072 6 0 0 4 0 0 2 0 0
1073 6 0 0 4 0 0 2 0 0
1075 8 0 0 0 0 0 2 0 0
1076 12 1 1 8 0 0 0 0 0
1077 6 0 0 2 0 0 2 0 0
1092 2 0 0 0 0 0 2 0 0
1101 20 1 1 0 0 0 6 0 0
1102 2 1 1 0 0 0 2 0 0
1103 2 0 0 0 0 0 2 0 0
1109 112 0 0 36 0 0 0 0 0
1110 136 1 1 17 0 0 0 0 0
1116 4 0 0 2 0 0 2 0 0
1117 6 0 0 2 0 0 2 0 0
1118 2 0 0 0 0 0 0 0 0
1121 2 1 1 1 0 0 1 0 0
1122 1 0 0 0 0 0 0 0 0
1127 28 1 1 8 0 0 8 0 0
1133 28 1 1 8 0 0 8 0 0
1134 4 0 0 0 0 0 0 0 0
1141 36 1 1 12 0 0 8 0 0
1142 32 1 1 12 0 0 12 1 1
1143 16 0 0 8 0 0 0 0 0
1144 8 0 0 4 0 0 4 0 0
1145 4 0 0 0 0 0 4 0 0
1146 12 0 0 8 0 0 4 0 0
1147 12 1 1 8 0 0 4 0 0
1151 8 0 0 4 0 0 0 0 0
1152 12 0 0 6 0 0 2 0 0
1157 28 0 0 4 0 0 4 0 0
1167 4 0 0 0 0 0 0 0 0
1170 3 0 0 1 0 0 0 0 0
1174 1 0 0 0 0 0 1 0 0
1175 2 0 0 1 0 0 1 0 0
1176 2 0 0 0 0 0 0 0 0
1179 4 0 0 1 0 0 1 0 0
1180 2 0 0 1 0 0 1 0 0
1183 2 0 0 1 0 0 1 0 0
1187 4 0 0 1 0 0 0 0 0
1193 2 0 0 0 0 0 2 1 1
1194 1 0 0 0 0 0 0 0 0
1206 6 0 0 0 0 0 2 0 0
1250 4 1 1 2 0 0 2 0 0
1251 2 0 0 0 0 0 0 0 0
1254 4 1 1 2 0 0 2 1 1
1255 4 0 0 2 0 0 2 0 0
1256 2 0 0 0 0 0 0 0 0
1259 12 1 1 4 0 0 0 0 0
1272 10 0 0 6 0 0 2 0 0
1274 4 0 0 2 0 0 0 0 0
1288 2 0 0 2 0 0 0 0 0
1293 26 1 1 8 0 0 18 1 1
1297 4 0 0 0 0 0 0 0 0
1304 6 1 1 2 0 0 2 0 0
1305 6 0 0 4 0 0 2 0 0
1307 4 0 0 2 0 0 0 0 0
1313 8 0 0 1 0 0 4 0 0
1314 1 0 0 1 0 0 0 0 0
1317 2 0 0 2 0 0 0 0 0
1319 4 0 0 2 0 0 2 0 0
1340 24 0 0 12 0 0 0 0 0
1342 10 0 0 6 0 0 0 0 0
1344 30 1 1 10 0 0 14 0 0
1352 16 1 1 8 0 0 0 0 0
1353 6 0 0 4 0 0 2 0 0
1355 12 0 0 4 0 0 0 0 0
1356 7 1 1 4 0 0 1 0 0
1357 10 1 1 4 0 0 1 0 0
1358 4 0 0 3 0 0 0 0 0
1360 5 0 0 2 0 0 1 0 0
1363 20 0 0 12 0 0 0 0 0
1369 4 0 0 2 0 0 0 0 0
1370 4 1 1 0 0 0 2 0 0
1371 12 0 0 6 0 0 2 0 0
1372 4 0 0 0 0 0 0 0 0
1379 4 0 0 2 0 0 0 0 0
1382 4 0 0 0 0 0 0 0 0
1393 16 0 0 2 0 0 10 0 0
1394 10 0 0 6 0 0 0 0 0
1399 4 0 0 2 0 0 0 0 0
1403 11 1 1 3 0 0 7 0 0
1406 2 0 0 0 0 0 0 0 0
1414 4 1 1 4 0 0 0 0 0
1418 8 1 1 4 0 0 0 0 0
1427 8 1 1 2 0 0 4 0 0
1433 4 0 0 0 0 0 0 0 0
1449 6 1 1 2 0 0 0 0 0
1468 4 0 0 2 0 0 2 0 0
1470 10 0 0 4 0 0 0 0 0
1525 6 0 0 2 0 0 0 0 0
1526 2 0 0 1 0 0 1 0 0
1529 10 1 1 2 0 0 4 0 0
1537 14 1 1 4 0 0 0 0 0
1538 2 0 0 1 0 0 0 0 0
1540 8 0 0 4 0 0 2 0 0
1542 4 0 0 2 0 0 0 0 0
1558 4 1 1 0 0 0 2 0 0
1562 4 0 0 2 0 0 0 0 0
1563 6 0 0 2 0 0 0 0 0
1580 4 0 0 2 0 0 0 0 0
1581 1 0 0 0 0 0 1 0 0
1584 8 0 0 4 0 0 4 0 0
1585 8 0 0 4 0 0 4 0 0
1589 6 0 0 2 0 0 0 0 0
1599 6 0 0 2 0 0 2 0 0
1603 8 0 0 2 0 0 0 0 0
1623 12 0 0 10 0 0 0 0 0
fn=expand_dynamic_string_token
415 22 1 1 2 0 0 12 0 0
425 10 1 1 0 0 0 6 1 1
429 4 0 0 0 0 0 0 0 0
440 10 0 0 8 0 0 0 0 0
fn=fillin_rpath
486 12 1 1 0 0 0 8 0 0
488 3 1 1 0 0 0 2 0 0
491 14 0 0 4 0 0 6 0 0
495 5 0 0 1 0 0 2 0 0
497 3 1 1 0 0 0 2 0 0
501 2 0 0 0 0 0 0 0 0
504 2 0 0 0 0 0 1 0 0
508 8 1 1 1 0 0 0 0 0
513 4 0 0 0 0 0 2 0 0
516 3 1 1 1 0 0 0 0 0
523 20 0 0 5 0 0 2 0 0
524 8 0 0 4 0 0 0 0 0
542 5 1 1 1 0 0 1 0 0
545 3 0 0 0 0 0 2 0 0
546 4 1 1 2 0 0 1 0 0
547 4 0 0 0 0 0 2 0 0
548 3 0 0 1 0 0 0 0 0
552 2 0 0 0 0 0 2 0 0
553 1 0 0 0 0 0 0 0 0
554 6 1 1 1 0 0 5 0 0
555 2 0 0 1 0 0 1 0 0
557 2 0 0 1 0 0 0 0 0
563 5 0 0 2 0 0 0 0 0
564 55 0 0 3 0 0 1 0 0
565 16 1 1 0 0 0 16 0 0
567 2 0 0 1 0 0 1 0 0
568 3 0 0 1 0 0 0 0 0
573 2 1 1 0 0 0 1 0 0
575 2 0 0 1 0 0 1 0 0
576 1 0 0 0 0 0 1 0 0
579 6 0 0 2 0 0 2 0 0
581 5 1 1 1 0 0 2 0 0
585 3 0 0 2 0 0 1 0 0
588 6 0 0 5 0 0 0 0 0
fn=local_strdup
160 21 1 1 0 0 0 12 0 0
161 9 0 0 0 0 0 6 0 0
162 6 0 0 0 0 0 6 0 0
164 6 0 0 0 0 0 0 0 0
167 12 0 0 0 0 0 12 0 0
168 15 1 1 12 0 0 0 0 0
fn=open_path
1633 3 0 0 0 0 0 1 0 0
2168 10 2 2 0 0 0 7 0 0
2169 3 0 0 2 0 0 1 0 0
2172 1 0 0 0 0 0 1 0 0
2173 1 0 0 0 0 0 1 0 0
2175 2 0 0 0 0 0 0 0 0
2180 13 1 1 5 0 0 2 0 0
2187 1 0 0 0 0 0 1 0 0
2192 3 0 0 2 0 0 0 0 0
2199 8 1 1 3 0 0 5 0 0
2200 67 0 0 17 0 0 0 0 0
2203 32 1 1 16 0 0 0 0 0
2207 240 1 1 96 0 0 128 0 0
2210 32 0 0 16 0 0 16 0 0
2213 48 0 0 32 0 0 0 0 0
2214 3 1 1 0 0 0 1 0 0
2216 176 1 1 80 0 0 80 0 0
2218 48 0 0 16 0 0 0 0 0
2220 32 0 0 0 0 0 0 0 0
2225 48 1 1 16 0 0 0 0 0
2226 96 0 0 64 0 0 0 0 0
2232 96 1 1 48 0 0 16 0 0
2234 112 0 0 0 0 0 64 0 0
2235 4 0 0 1 0 0 0 0 0
2237 30 1 1 0 0 0 15 0 0
2239 3 1 1 0 0 0 1 0 0
2244 32 0 0 16 0 0 0 0 0
2282 1 0 0 0 0 0 0 0 0
2285 6 1 1 2 0 0 0 0 0
2290 2 0 0 2 0 0 0 0 0
2292 5 0 0 3 0 0 0 0 0
2295 3 0 0 1 0 0 0 0 0
2309 6 0 0 5 0 0 0 0 0
fn=open_verify
1873 216 1 1 18 0 0 144 1 1
1909 54 0 0 18 0 0 0 0 0
1930 90 1 1 18 0 0 72 0 0
1931 36 0 0 0 0 0 0 0 0
1941 2 0 0 0 0 0 2 0 0
1942 6 0 0 2 0 0 2 0 0
1947 20 1 1 4 0 0 8 0 0
1949 4 0 0 0 0 0 0 0 0
1951 8 0 0 4 0 0 2 0 0
1953 4 0 0 0 0 0 0 0 0
1959 4 0 0 0 0 0 0 0 0
1975 26 1 1 2 0 0 8 0 0
1977 4 0 0 4 0 0 0 0 0
1979 14 1 1 2 0 0 8 0 0
2006 3 1 1 3 0 0 0 0 0
2050 6 0 0 4 0 0 0 0 0
2055 4 0 0 2 0 0 0 0 0
2058 10 0 0 2 0 0 2 0 0
2063 4 1 1 2 1 1 0 0 0
2070 6 0 0 2 0 0 0 0 0
2071 10 0 0 2 0 0 2 0 0
2072 6 0 0 2 0 0 2 0 0
2087 87 2 2 15 0 0 2 0 0
2089 36 0 0 17 2 2 0 0 0
2093 12 1 1 6 0 0 2 0 0
2094 6 0 0 0 0 0 0 0 0
2103 23 1 1 4 0 0 12 0 0
2106 2 0 0 0 0 0 0 0 0
2107 6 0 0 2 0 0 0 0 0
2108 6 0 0 2 0 0 0 0 0
2110 6 0 0 0 0 0 0 0 0
2115 1 0 0 0 0 0 0 0 0
2116 1 0 0 0 0 0 0 0 0
2119 2 0 0 0 0 0 0 0 0
2122 4 0 0 1 0 0 0 0 0
2123 5 0 0 1 0 0 0 0 0
2124 3 0 0 2 0 0 1 0 0
2125 3 0 0 1 0 0 0 0 0
2126 6 0 0 2 0 0 0 0 0
2131 16 1 1 0 0 0 0 0 0
2154 108 0 0 90 0 0 0 0 0
fl=/build/eglibc-X4bnBz/eglibc-2.19/elf/dl-lookup.c
fn=_dl_lookup_symbol_x
475 105 0 0 0 0 0 0 0 0
476 5885 0 0 1445 98 95 0 0 0
477 5360 0 0 0 0 0 0 0 0
714 1155 2 2 0 0 0 840 13 5
716 105 1 1 0 0 0 105 1 0
717 210 0 0 0 0 0 210 0 0
720 105 0 0 105 3 1 0 0 0
724 507 0 0 201 0 0 0 0 0
728 1155 0 0 315 0 0 420 1 1
729 315 0 0 105 0 0 0 0 0
731 210 0 0 210 3 1 0 0 0
735 234 1 1 6 0 0 0 0 0
737 2205 1 1 1050 0 0 1155 0 0
740 210 0 0 0 0 0 0 0 0
743 6 0 0 0 0 0 0 0 0
766 420 1 1 210 0 0 0 0 0
768 48 1 1 18 0 0 0 0 0
784 12 1 1 6 0 0 6 0 0
785 12 0 0 0 0 0 0 0 0
788 198 0 0 198 0 0 0 0 0
789 693 0 0 198 0 0 0 0 0
815 99 0 0 0 0 0 99 0 0
824 495 0 0 99 0 0 0 0 0
838 297 1 1 99 5 2 0 0 0
839 2 1 1 0 0 0 1 0 0
841 396 0 0 198 0 0 0 0 0
846 198 0 0 99 0 0 99 0 0
848 630 0 0 525 0 0 0 0 0
fn=_dl_setup_hash
856 28 1 1 0 0 0 20 1 1
859 12 1 1 4 0 0 0 0 0
863 4 0 0 4 0 0 0 0 0
867 8 0 0 4 4 4 4 0 0
868 4 0 0 4 0 0 0 0 0
869 4 0 0 4 3 3 0 0 0
871 12 0 0 0 0 0 0 0 0
872 4 0 0 0 0 0 4 0 0
873 12 0 0 4 0 0 4 0 0
875 4 0 0 0 0 0 4 0 0
876 4 1 1 0 0 0 0 0 0
878 4 0 0 0 0 0 4 0 0
879 4 0 0 0 0 0 0 0 0
880 12 0 0 0 0 0 4 0 0
894 24 0 0 20 0 0 0 0 0
fn=check_match.9399
131 891 1 1 0 0 0 495 5 2
132 198 0 0 99 15 12 0 0 0
134 495 0 0 198 5 5 0 0 0
136 297 0 0 99 0 0 0 0 0
146 297 1 1 198 0 0 99 7 3
149 446 0 0 192 0 0 93 0 0
153 198 0 0 198 1 1 0 0 0
154 297 0 0 99 0 0 0 0 0
156 192 1 1 0 0 0 0 0 0
175 192 0 0 192 9 6 0 0 0
176 672 0 0 288 5 2 0 0 0
177 864 1 1 288 0 0 384 0 0
179 97 0 0 0 0 0 0 0 0
204 6 2 2 0 0 0 0 0 0
206 18 0 0 6 1 1 0 0 0
207 12 0 0 3 0 0 0 0 0
210 4 0 0 0 0 0 0 0 0
211 10 0 0 2 0 0 2 0 0
213 4 0 0 0 0 0 2 0 0
222 594 0 0 495 0 0 0 0 0
fn=do_lookup_x
77 945 0 0 420 0 0 525 2 0
82 1155 2 2 210 0 0 630 15 6
88 210 0 0 105 0 0 105 0 0
89 105 0 0 105 0 0 0 0 0
95 323 0 0 0 0 0 323 0 0
96 323 0 0 0 0 0 323 0 0
98 1292 0 0 969 8 3 323 0 0
101 646 0 0 323 0 0 0 0 0
105 664 0 0 332 0 0 0 0 0
109 640 1 1 320 7 3 0 0 0
113 640 0 0 320 2 1 0 0 0
114 420 1 1 0 0 0 210 0 0
119 1280 0 0 320 0 0 320 0 0
123 960 0 0 640 14 6 320 0 0
124 960 0 0 640 0 0 320 0 0
225 320 0 0 320 0 0 0 0 0
226 640 1 1 0 0 0 0 0 0
228 320 0 0 320 44 38 0 0 0
229 315 0 0 0 0 0 105 0 0
230 640 0 0 640 0 0 0 0 0
233 1600 0 0 640 0 0 0 0 0
236 1280 1 1 0 0 0 0 0 0
237 960 0 0 0 0 0 0 0 0
239 222 0 0 222 50 50 0 0 0
240 333 1 1 222 0 0 0 0 0
241 222 0 0 0 0 0 0 0 0
243 218 0 0 109 0 0 0 0 0
246 1155 1 1 462 67 66 0 0 0
248 594 0 0 198 0 0 99 0 0
249 832 0 0 307 0 0 208 0 0
250 202 0 0 2 0 0 0 0 0
253 402 0 0 0 0 0 0 0 0
257 223 0 0 0 0 0 223 0 0
272 218 1 1 0 0 0 109 0 0
281 448 0 0 225 0 0 0 0 0
283 4 0 0 0 0 0 0 0 0
286 847 0 0 99 0 0 99 0 0
290 33 1 1 11 0 0 0 0 0
303 297 1 1 198 0 0 99 0 0
304 297 0 0 198 0 0 99 0 0
305 99 0 0 0 0 0 0 0 0
461 1905 0 0 635 1 1 0 0 0
462 210 0 0 42 0 0 42 0 0
465 672 1 1 224 0 0 0 0 0
468 6 0 0 0 0 0 0 0 0
469 630 0 0 525 0 0 0 0 0
fl=/build/eglibc-X4bnBz/eglibc-2.19/elf/dl-minimal.c
fn=__libc_memalign
51 176 1 1 44 0 0 88 1 1
52 87 1 1 43 0 0 0 0 0
57 3 0 0 0 0 0 1 0 0
58 3 1 1 1 0 0 0 0 0
59 1 0 0 0 0 0 0 0 0
63 66 0 0 0 0 0 22 0 0
64 22 0 0 0 0 0 0 0 0
66 146 0 0 0 0 0 0 0 0
70 8 0 0 2 0 0 0 0 0
71 6 1 1 0 0 0 0 0 0
77 14 0 0 0 0 0 14 0 0
79 10 0 0 4 0 0 0 0 0
83 6 0 0 0 0 0 2 0 0
86 22 0 0 0 0 0 22 0 0
87 22 0 0 0 0 0 22 0 0
89 172 0 0 88 0 0 0 0 0
fn=calloc
102 64 1 1 16 0 0 32 3 3
106 16 1 1 0 0 0 0 0 0
109 32 0 0 0 0 0 0 0 0
113 16 0 0 0 0 0 16 0 0
114 40 0 0 32 0 0 0 0 0
fn=free
119 6 1 1 1 0 0 3 0 0
121 2 0 0 1 0 0 0 0 0
128 4 0 0 3 0 0 0 0 0
fn=malloc
93 84 1 1 0 0 0 42 0 0
94 84 0 0 21 0 0 63 0 0
95 63 0 0 42 0 0 0 0 0
fn=strsep
335 32 1 1 4 0 0 20 0 0
338 16 0 0 4 0 0 0 0 0
340 12 1 1 8 0 0 4 0 0
341 8 0 0 0 0 0 0 0 0
345 366 0 0 61 0 0 0 0 0
350 236 0 0 0 0 0 0 0 0
352 472 0 0 118 0 0 0 0 0
360 59 0 0 0 0 0 0 0 0
363 4 1 1 2 0 0 2 0 0
367 28 0 0 24 0 0 0 0 0
fl=/build/eglibc-X4bnBz/eglibc-2.19/elf/dl-misc.c
fn=_dl_name_match_p
288 448 2 2 0 0 0 224 2 0
289 336 0 0 56 0 0 168 0 0
290 3 0 0 0 0 0 0 0 0
292 56 0 0 56 0 0 0 0 0
294 226 0 0 0 0 0 0 0 0
295 360 1 1 60 4 2 180 0 0
298 57 0 0 57 0 0 0 0 0
300 53 0 0 0 0 0 0 0 0
301 280 0 0 224 0 0 0 0 0
fn=_dl_sysdep_read_whole_file
45 9 1 1 0 0 0 5 0 0
52 4 0 0 0 0 0 3 0 0
53 2 0 0 0 0 0 0 0 0
55 7 1 1 0 0 0 4 0 0
57 2 0 0 1 0 0 1 0 0
60 2 0 0 0 0 0 0 0 0
62 9 1 1 0 0 0 7 0 0
73 2 0 0 0 0 0 2 0 0
76 7 0 0 5 0 0 0 0 0
fl=/build/eglibc-X4bnBz/eglibc-2.19/elf/dl-object.c
fn=_dl_add_to_namespace_list
32 27 2 2 0 0 0 18 0 0
34 9 0 0 3 0 0 6 0 0
36 19 0 0 6 0 0 0 0 0
39 15 0 0 5 0 0 0 0 0
40 3 0 0 0 0 0 0 0 0
41 2 0 0 0 0 0 2 0 0
43 2 0 0 0 0 0 2 0 0
46 2 0 0 0 0 0 1 0 0
47 6 0 0 3 0 0 0 0 0
48 12 1 1 6 0 0 6 0 0
49 12 0 0 0 0 0 6 0 0
51 6 0 0 3 0 0 6 0 0
52 18 0 0 15 0 0 0 0 0
fn=_dl_new_object
61 33 1 1 3 0 0 24 0 0
62 15 1 1 0 0 0 12 2 2
68 39 1 1 6 0 0 0 0 0
75 21 0 0 3 0 0 12 0 0
78 6 1 1 0 0 0 0 0 0
81 3 0 0 0 0 0 3 1 1
82 9 0 0 3 0 0 3 3 3
86 6 0 0 0 0 0 3 0 0
87 30 0 0 9 0 0 18 0 0
89 3 1 1 0 0 0 3 0 0
97 15 0 0 9 0 0 3 0 0
98 18 0 0 6 2 2 3 0 0
101 6 1 1 3 0 0 0 0 0
102 8 1 1 0 0 0 3 3 3
103 3 0 0 0 0 0 3 0 0
107 6 0 0 3 0 0 3 0 0
110 58 0 0 0 0 0 0 0 0
112 16 0 0 0 0 0 16 2 2
122 6 0 0 0 0 0 3 2 2
123 3 1 1 0 0 0 3 0 0
126 3 0 0 0 0 0 0 0 0
128 12 0 0 6 1 1 0 0 0
130 6 0 0 0 0 0 2 0 0
133 7 0 0 0 0 0 0 0 0
137 8 0 0 2 0 0 0 0 0
141 12 0 0 2 0 0 0 0 0
143 1 1 1 0 0 0 0 0 0
149 1 0 0 0 0 0 1 0 0
152 6 0 0 0 0 0 3 0 0
155 18 0 0 6 0 0 0 0 0
157 12 1 1 2 0 0 8 0 0
161 10 0 0 0 0 0 0 0 0
165 6 1 1 0 0 0 4 0 0
166 8 0 0 0 0 0 0 0 0
211 14 1 1 4 0 0 8 0 0
216 78 0 0 0 0 0 0 0 0
217 84 0 0 40 0 0 0 0 0
222 4 0 0 0 0 0 2 0 0
225 4 0 0 0 0 0 2 0 0
229 18 1 1 15 0 0 0 0 0
fl=/build/eglibc-X4bnBz/eglibc-2.19/elf/dl-open.c
fn=_dl_find_dso_for_object
178 8 1 1 0 0 0 5 0 0
182 6 0 0 1 0 0 1 0 0
183 10 1 1 3 0 0 0 0 0
184 10 0 0 5 0 0 0 0 0
185 2 0 0 1 0 0 0 0 0
188 3 1 1 1 0 0 0 0 0
192 6 0 0 5 0 0 0 0 0
fl=/build/eglibc-X4bnBz/eglibc-2.19/elf/dl-reloc.c
fn=_dl_protect_relro
322 32 1 1 0 0 0 16 0 0
323 16 0 0 8 0 0 0 0 0
324 8 0 0 4 0 0 0 0 0
325 8 1 1 4 0 0 0 0 0
328 8 0 0 0 0 0 0 0 0
329 28 0 0 0 0 0 16 0 0
335 20 0 0 16 0 0 0 0 0
fn=_dl_relocate_object
154 36 2 2 4 0 0 20 0 0
161 4 0 0 0 0 0 4 0 0
164 12 1 1 0 0 0 4 0 0
165 44 0 0 8 0 0 20 0 0
169 8 0 0 0 0 0 0 0 0
170 20 0 0 8 1 0 0 0 0
176 12 0 0 8 0 0 0 0 0
182 12 0 0 4 0 0 0 0 0
183 12 2 2 4 3 0 0 0 0
186 8 0 0 4 0 0 0 0 0
193 16 0 0 8 0 0 0 0 0
238 16 0 0 12 0 0 4 0 0
264 693 10 10 257 8 0 109 0 0
267 12 0 0 4 0 0 0 0 0
295 8 0 0 8 0 0 0 0 0
298 12 0 0 4 0 0 0 0 0
315 16 0 0 8 1 0 0 0 0
316 16 0 0 4 0 0 4 0 0
317 24 0 0 20 0 0 0 0 0
fl=/build/eglibc-X4bnBz/eglibc-2.19/elf/dl-runtime.c
fn=_dl_fixup
66 108 1 1 0 0 0 60 3 2
69 36 0 0 24 6 2 12 1 1
72 24 0 0 24 9 5 0 0 0
73 120 1 1 36 5 4 36 0 0
74 48 0 0 24 3 1 12 0 0
79 24 0 0 0 0 0 0 0 0
83 36 0 0 24 8 6 0 0 0
85 2 0 0 0 0 0 0 0 0
87 36 0 0 12 5 3 0 0 0
91 33 0 0 33 8 4 0 0 0
92 33 1 1 11 3 1 0 0 0
94 44 0 0 11 4 2 0 0 0
100 12 0 0 0 0 0 0 0 0
101 36 0 0 12 1 1 0 0 0
111 192 1 1 60 8 4 84 0 0
115 36 0 0 12 0 0 0 0 0
125 84 1 1 36 0 0 0 0 0
141 48 0 0 12 0 0 0 0 0
145 36 0 0 12 3 1 0 0 0
149 84 0 0 60 0 0 0 0 0
fl=/build/eglibc-X4bnBz/eglibc-2.19/elf/dl-tls.c
fn=___tls_get_addr
769 4 1 1 0 0 0 2 0 0
770 1 1 1 1 0 0 0 0 0
772 3 0 0 2 2 2 0 0 0
775 2 0 0 2 1 1 0 0 0
777 2 0 0 0 0 0 0 0 0
780 2 0 0 1 0 0 0 0 0
781 3 0 0 2 0 0 0 0 0
fn=_dl_add_to_slotinfo
831 8 1 1 0 0 0 5 0 0
837 2 0 0 2 0 0 0 0 0
840 2 0 0 1 1 0 0 0 0
845 3 0 0 1 1 0 0 0 0
886 3 1 1 1 0 0 1 0 0
887 3 0 0 1 0 0 1 0 0
888 6 0 0 5 0 0 0 0 0
fn=_dl_allocate_tls_init
376 8 1 1 0 0 0 6 0 0
377 2 0 0 0 0 0 0 0 0
381 3 0 0 2 1 0 1 0 0
383 1 1 1 0 0 0 1 0 0
384 1 0 0 0 0 0 1 0 0
389 3 0 0 1 0 0 1 0 0
394 15 0 0 6 0 0 0 0 0
400 8 1 1 1 0 0 0 0 0
403 1 1 1 1 0 0 0 0 0
404 2 0 0 0 0 0 0 0 0
410 5 0 0 2 0 0 1 0 0
412 2 1 1 0 0 0 0 0 0
413 2 0 0 1 0 0 0 0 0
422 2 0 0 1 0 0 0 0 0
423 5 0 0 2 0 0 1 0 0
425 2 0 0 1 0 0 0 0 0
426 3 0 0 1 0 0 0 0 0
434 3 1 1 1 0 0 1 1 0
435 1 0 0 0 0 0 1 0 0
436 11 0 0 2 0 0 8 0 0
450 3 2 2 2 0 0 1 0 0
452 1 0 0 1 0 0 0 0 0
453 6 0 0 5 0 0 0 0 0
fn=_dl_allocate_tls_storage
328 7 2 2 0 0 0 5 0 0
330 1 0 0 1 0 0 0 0 0
341 5 0 0 1 0 0 3 0 0
342 2 0 0 0 0 0 0 0 0
349 1 0 0 0 0 0 0 0 0
353 318 1 1 0 0 0 304 19 19
364 2 0 0 0 0 0 1 0 0
365 2 0 0 0 0 0 0 0 0
370 6 0 0 5 0 0 0 0 0
fn=_dl_determine_tlsoffset
112 7 1 1 0 0 0 5 0 0
113 2 0 0 0 0 0 1 0 0
114 1 0 0 0 0 0 1 0 0
115 1 1 1 0 0 0 1 0 0
118 3 0 0 1 0 0 0 0 0
121 3 1 1 1 0 0 0 0 0
123 2 0 0 0 0 0 1 0 0
155 1 0 0 0 0 0 1 0 0
157 10 0 0 5 0 0 1 0 0
159 4 0 0 1 0 0 1 0 0
161 4 1 1 1 0 0 1 0 0
162 2 1 1 1 0 0 0 0 0
164 4 0 0 1 0 0 1 0 0
166 7 0 0 4 0 0 1 0 0
168 1 0 0 0 0 0 0 0 0
182 8 0 0 2 0 0 1 0 0
184 4 0 0 1 0 0 0 0 0
185 1 1 1 1 0 0 0 0 0
194 1 0 0 0 0 0 1 0 0
197 9 1 1 2 0 0 1 0 0
198 1 0 0 0 0 0 1 0 0
249 2 0 0 1 0 0 1 0 0
250 6 0 0 5 0 0 0 0 0
fn=_dl_next_tls_modid
50 7 1 1 0 0 0 5 0 0
53 3 1 1 2 0 0 0 0 0
101 2 0 0 0 0 0 1 0 0
105 6 0 0 5 0 0 0 0 0
fn=allocate_dtv
288 7 1 1 0 0 0 4 0 0
295 2 0 0 1 0 0 0 0 0
296 4 0 0 0 0 0 3 0 0
297 2 0 0 0 0 0 0 0 0
300 1 0 0 0 0 0 1 1 1
306 2 0 0 0 0 0 1 0 0
312 6 0 0 4 0 0 0 0 0
fl=/build/eglibc-X4bnBz/eglibc-2.19/elf/dl-version.c
fn=_dl_check_all_versions
380 9 2 2 0 0 0 6 0 0
382 2 0 0 0 0 0 0 0 0
384 15 0 0 4 0 0 0 0 0
385 4 0 0 0 0 0 0 0 0
386 40 1 1 8 0 0 4 0 0
389 7 0 0 5 0 0 0 0 0
fn=_dl_check_map_versions
56 22 0 0 8 0 0 0 0 0
57 5 0 0 5 0 0 0 0 0
58 37 1 1 0 0 0 9 0 0
174 44 1 1 0 0 0 32 0 0
175 2 0 0 0 0 0 2 0 0
183 2 0 0 0 0 0 2 0 0
189 16 0 0 4 0 0 0 0 0
191 8 0 0 4 0 0 4 0 0
193 16 1 1 4 0 0 4 0 0
194 12 0 0 4 0 0 4 0 0
196 8 0 0 0 0 0 0 0 0
199 6 0 0 4 0 0 2 0 0
203 12 0 0 2 2 2 6 0 0
220 6 0 0 6 0 0 0 0 0
228 6 0 0 2 0 0 0 0 0
233 8 0 0 4 0 0 0 0 0
237 144 3 3 81 1 1 37 0 0
244 25 0 0 5 0 0 5 0 0
247 15 0 0 5 1 1 0 0 0
252 3 0 0 0 0 0 0 0 0
256 8 0 0 4 0 0 0 0 0
270 12 1 1 4 0 0 0 0 0
273 8 0 0 8 0 0 0 0 0
276 160 0 0 39 6 6 2 0 0
279 121 0 0 39 3 3 2 0 0
283 37 0 0 0 0 0 0 0 0
287 12 1 1 4 0 0 0 0 0
292 6 0 0 3 0 0 3 0 0
293 24 1 1 3 0 0 12 0 0
294 6 0 0 0 0 0 0 0 0
302 3 0 0 0 0 0 3 0 0
305 12 0 0 6 0 0 3 0 0
307 9 0 0 3 0 0 0 0 0
310 10 1 1 6 0 0 2 0 0
314 8 0 0 2 0 0 2 0 0
317 5 0 0 5 0 0 0 0 0
319 20 0 0 5 0 0 0 0 0
321 20 0 0 10 0 0 5 1 1
322 15 0 0 0 0 0 5 2 2
323 15 1 1 5 0 0 5 0 0
324 20 0 0 10 0 0 5 0 0
327 17 0 0 7 0 0 0 0 0
332 3 0 0 0 0 0 0 0 0
335 6 0 0 2 0 0 0 0 0
341 2 0 0 2 0 0 0 0 0
345 9 0 0 3 0 0 0 0 0
348 12 0 0 8 0 0 2 0 0
352 39 0 0 39 0 0 0 0 0
354 78 0 0 39 0 0 0 0 0
358 37 0 0 37 0 0 0 0 0
359 185 0 0 74 0 0 37 1 1
360 111 0 0 37 0 0 37 0 0
361 37 0 0 0 0 0 37 8 8
364 117 0 0 39 0 0 0 0 0
368 37 0 0 0 0 0 0 0 0
373 7 1 1 7 0 0 0 0 0
374 24 0 0 20 0 0 0 0 0
fn=match_symbol
76 50 1 1 0 0 0 30 0 0
77 15 0 0 15 0 0 0 0 0
85 10 0 0 5 0 0 0 0 0
91 20 1 1 10 0 0 0 0 0
106 5 0 0 5 0 0 0 0 0
107 10 0 0 0 0 0 0 0 0
109 10 0 0 10 0 0 0 0 0
114 64 1 1 32 6 6 0 0 0
128 64 0 0 32 5 5 0 0 0
133 55 1 1 20 0 0 20 0 0
140 81 0 0 27 3 3 0 0 0
144 27 0 0 0 0 0 0 0 0
168 30 0 0 25 0 0 0 0 0
fl=/build/eglibc-X4bnBz/eglibc-2.19/elf/do-rel.h
fn=_dl_relocate_object
46 8 0 0 0 0 0 0 0 0
47 32 0 0 0 0 0 16 0 0
58 16 0 0 0 0 0 0 0 0
61 128 1 1 56 0 0 8 0 0
83 26 0 0 13 0 0 13 0 0
84 26 0 0 26 0 0 0 0 0
86 42 0 0 16 0 0 5 0 0
98 47 1 1 26 0 0 4 0 0
105 9 0 0 3 0 0 0 0 0
108 26 1 1 10 1 0 0 0 0
111 3790 1 1 8 0 0 0 0 0
112 2512 0 0 1258 1 1 0 0 0
118 52 1 1 26 3 0 0 0 0
121 20 0 0 10 1 0 10 0 0
124 451 1 1 332 0 0 0 0 0
136 636 0 0 424 56 53 0 0 0
137 512 0 0 106 0 0 212 0 0
138 406 1 1 212 0 0 106 0 0
139 318 0 0 212 0 0 106 0 0
160 33 2 2 19 0 0 0 0 0
170 25 1 1 10 0 0 0 0 0
171 20 0 0 15 1 1 5 0 0
fn=_dl_start
83 2 0 0 1 0 0 1 0 0
84 1 0 0 1 0 0 0 0 0
111 36 0 0 0 0 0 0 0 0
112 22 0 0 11 1 1 0 0 0
116 3 0 0 1 0 0 0 0 0
124 35 0 0 10 0 0 2 0 0
137 45 0 0 18 1 1 0 0 0
139 27 1 1 18 0 0 9 0 0
fl=/build/eglibc-X4bnBz/eglibc-2.19/elf/get-dynamic-info.h
fn=_dl_map_object_from_fd
38 4 0 0 0 0 0 0 0 0
42 2 0 0 0 0 0 0 0 0
44 141 0 0 47 8 8 0 0 0
46 90 1 1 0 0 0 0 0 0
51 40 0 0 0 0 0 0 0 0
52 67 1 1 0 0 0 43 6 6
53 8 0 0 0 0 0 0 0 0
56 8 1 1 0 0 0 0 0 0
59 8 0 0 0 0 0 0 0 0
61 6 0 0 0 0 0 2 0 0
62 45 0 0 0 0 0 0 0 0
69 6 0 0 2 0 0 0 0 0
89 8 0 0 4 0 0 0 0 0
90 10 1 1 6 0 0 0 0 0
91 10 0 0 6 0 0 0 0 0
92 10 0 0 6 0 0 0 0 0
94 6 0 0 2 0 0 0 0 0
97 10 1 1 6 0 0 0 0 0
99 10 0 0 6 0 0 0 0 0
100 8 0 0 4 1 1 0 0 0
101 10 0 0 6 0 0 0 0 0
107 6 1 1 2 0 0 0 0 0
114 10 1 1 2 0 0 0 0 0
119 6 0 0 2 0 0 0 0 0
123 6 0 0 2 0 0 0 0 0
124 6 0 0 4 0 0 0 0 0
136 6 1 1 2 0 0 0 0 0
141 2 0 0 1 0 0 1 0 0
143 2 0 0 0 0 0 0 0 0
145 2 0 0 0 0 0 0 0 0
147 2 0 0 0 0 0 0 0 0
150 6 0 0 2 0 0 0 0 0
152 2 1 1 1 0 0 1 0 0
160 2 0 0 1 0 0 0 0 0
161 2 0 0 0 0 0 0 0 0
165 2 0 0 0 0 0 0 0 0
168 6 0 0 2 0 0 0 0 0
fn=_dl_start
44 57 0 0 19 4 4 0 0 0
46 36 0 0 0 0 0 0 0 0
51 21 1 1 0 0 0 0 0 0
52 29 0 0 0 0 0 17 4 4
53 4 0 0 0 0 0 0 0 0
56 4 1 1 0 0 0 0 0 0
59 4 1 1 0 0 0 0 0 0
61 3 0 0 0 0 0 1 1 1
62 18 0 0 0 0 0 0 0 0
69 2 0 0 0 0 0 0 0 0
89 4 0 0 2 0 0 0 0 0
90 4 1 1 2 0 0 0 0 0
91 4 0 0 2 0 0 0 0 0
92 4 0 0 2 0 0 0 0 0
97 4 0 0 2 0 0 0 0 0
99 4 0 0 2 0 0 0 0 0
100 4 1 1 2 0 0 0 0 0
101 4 0 0 2 0 0 0 0 0
107 3 0 0 1 0 0 0 0 0
110 2 0 0 1 0 0 0 0 0
123 3 0 0 1 0 0 0 0 0
124 3 1 1 2 0 0 0 0 0
128 3 0 0 1 0 0 0 0 0
130 3 0 0 1 0 0 0 0 0
133 3 0 0 1 0 0 0 0 0
134 3 1 1 1 0 0 0 0 0
fn=dl_main
29 2 1 1 2 0 0 0 0 0
38 2 0 0 0 0 0 0 0 0
42 1 0 0 0 0 0 0 0 0
44 72 0 0 24 4 4 0 0 0
46 46 0 0 0 0 0 0 0 0
51 17 1 1 0 0 0 0 0 0
52 31 0 0 0 0 0 22 3 3
53 4 0 0 0 0 0 0 0 0
56 4 1 1 0 0 0 0 0 0
59 4 0 0 0 0 0 0 0 0
61 3 0 0 0 0 0 1 0 0
62 23 0 0 0 0 0 0 0 0
69 4 0 0 2 0 0 0 0 0
107 4 1 1 2 0 0 0 0 0
114 5 0 0 1 0 0 0 0 0
119 4 1 1 2 0 0 0 0 0
123 4 0 0 2 0 0 0 0 0
124 3 0 0 2 0 0 0 0 0
136 4 0 0 2 0 0 0 0 0
150 4 1 1 2 0 0 0 0 0
168 4 1 1 2 0 0 0 0 0
fl=/build/eglibc-X4bnBz/eglibc-2.19/elf/rtld.c
fn=_dl_initial_error_catch_tsd
794 8 1 1 0 0 0 4 0 0
797 8 0 0 4 0 0 0 0 0
fn=_dl_start
284 76 1 1 12 0 0 12 0 0
296 2 1 1 0 0 0 1 0 0
297 2 0 0 0 0 0 1 0 0
298 2 0 0 0 0 0 1 1 1
299 2 0 0 0 0 0 1 0 0
300 2 0 0 0 0 0 1 0 0
321 3 0 0 0 0 0 2 0 0
325 1 0 0 0 0 0 1 0 0
331 6 1 1 1 0 0 3 0 0
340 1 0 0 0 0 0 0 0 0
343 4 0 0 2 0 0 2 1 0
347 2 0 0 1 0 0 0 0 0
361 9 1 1 0 0 0 6 2 2
379 3 0 0 0 0 0 2 1 1
405 1 0 0 0 0 0 1 0 0
408 1 0 0 0 0 0 1 1 1
536 2 0 0 0 0 0 0 0 0
541 39 2 2 18 0 0 5 0 0
543 1 0 0 1 1 1 0 0 0
568 7 0 0 5 1 0 0 0 0
fn=dl_main
887 8 1 1 0 0 0 5 0 0
893 1 0 0 0 0 0 1 0 0
895 2 0 0 0 0 0 0 0 0
896 1 0 0 0 0 0 0 0 0
902 1 0 0 0 0 0 1 0 0
906 2 1 1 0 0 0 1 0 0
909 2 0 0 0 0 0 1 1 1
913 2 0 0 0 0 0 1 1 1
914 2 0 0 0 0 0 1 0 0
919 2 0 0 0 0 0 1 0 0
929 4 1 1 2 0 0 0 0 0
1128 9 1 1 0 0 0 5 0 0
1130 2 0 0 0 0 0 0 0 0
1131 3 1 1 2 0 0 1 0 0
1132 2 0 0 1 0 0 1 0 0
1133 3 0 0 2 0 0 1 0 0
1137 3 0 0 0 0 0 1 0 0
1138 2 0 0 1 0 0 0 0 0
1159 2 1 1 1 0 0 1 0 0
1160 1 0 0 0 0 0 1 0 0
1162 1 0 0 0 0 0 1 0 0
1164 1 0 0 1 0 0 0 0 0
1167 36 2 2 15 0 0 1 0 0
1168 71 1 1 9 4 4 0 0 0
1172 3 1 1 2 0 0 1 0 0
1173 1 0 0 0 0 0 0 0 0
1177 3 1 1 2 0 0 1 0 0
1178 1 0 0 0 0 0 0 0 0
1186 1 0 0 0 0 0 1 1 1
1187 2 0 0 2 0 0 0 0 0
1189 4 2 2 1 0 0 2 0 0
1196 3 0 0 1 0 0 0 0 0
1210 2 1 1 0 0 0 1 0 0
1214 1 0 0 0 0 0 1 0 0
1222 6 0 0 4 0 0 2 0 0
1223 13 1 1 6 0 0 3 0 0
1224 4 0 0 2 0 0 0 0 0
1225 1 0 0 0 0 0 1 0 0
1228 4 0 0 4 1 1 0 0 0
1229 4 0 0 2 0 0 0 0 0
1230 2 0 0 0 0 0 2 0 0
1231 6 0 0 3 0 0 0 0 0
1232 2 0 0 0 0 0 1 0 0
1259 2 1 1 1 0 0 1 0 0
1260 1 0 0 0 0 0 0 0 0
1263 2 0 0 1 0 0 1 0 0
1264 2 0 0 1 1 1 1 0 0
1265 1 0 0 0 0 0 0 0 0
1270 4 0 0 2 1 1 0 0 0
1273 2 0 0 0 0 0 0 0 0
1275 2 0 0 0 0 0 0 0 0
1277 3 1 1 1 0 0 0 0 0
1290 3 0 0 1 0 0 0 0 0
1291 12 0 0 6 0 0 4 0 0
1296 1 0 0 0 0 0 1 0 0
1298 1 1 1 0 0 0 1 0 0
1299 1 0 0 0 0 0 1 0 0
1301 3 0 0 1 0 0 0 0 0
1302 2 0 0 0 0 0 1 0 0
1306 2 0 0 1 0 0 0 0 0
1308 3 0 0 0 0 0 0 0 0
1313 2 0 0 1 0 0 1 0 0
1316 2 1 1 1 0 0 0 0 0
1332 4 1 1 0 0 0 2 0 0
1338 9 1 1 1 0 0 2 0 0
1343 2 1 1 1 0 0 1 0 0
1346 4 0 0 1 0 0 2 0 0
1348 1 0 0 0 0 0 1 0 0
1353 3 0 0 1 0 0 0 0 0
1356 3 0 0 2 0 0 1 0 0
1357 4 0 0 1 0 0 1 0 0
1358 3 0 0 2 0 0 1 0 0
1359 1 0 0 0 0 0 1 0 0
1360 1 1 1 1 0 0 0 0 0
1361 2 0 0 2 0 0 0 0 0
1366 2 0 0 1 0 0 0 0 0
1367 6 1 1 1 0 0 1 0 0
1371 1 0 0 1 0 0 0 0 0
1373 2 0 0 1 1 1 0 0 0
1374 1 0 0 0 0 0 1 0 0
1375 2 0 0 1 0 0 1 0 0
1380 2 0 0 0 0 0 0 0 0
1381 9 1 1 1 1 1 0 0 0
1383 2 0 0 1 0 0 1 1 1
1384 2 0 0 1 1 1 1 0 0
1389 3 0 0 1 0 0 0 0 0
1394 3 0 0 1 0 0 0 0 0
1517 1 1 1 0 0 0 0 0 0
1575 4 1 1 2 0 0 0 0 0
1578 2 0 0 1 0 0 1 0 0
1582 3 0 0 1 0 0 0 0 0
1587 2 0 0 1 0 0 1 0 0
1588 1 0 0 0 0 0 1 0 0
1593 3 0 0 1 0 0 0 0 0
1608 4 1 1 2 0 0 0 0 0
1610 1 0 0 0 0 0 1 0 0
1612 3 0 0 1 0 0 0 0 0
1619 13 2 2 0 0 0 7 0 0
1622 5 0 0 0 0 0 2 0 0
1625 14 1 1 2 0 0 6 0 0
1626 2 0 0 1 0 0 0 0 0
1627 3 0 0 1 0 0 0 0 0
1629 8 0 0 2 0 0 3 0 0
1631 1 1 1 0 0 0 0 0 0
1632 2 1 1 2 0 0 0 0 0
1633 3 0 0 2 0 0 0 0 0
1643 7 0 0 0 0 0 4 0 0
1720 4 1 1 2 0 0 0 0 0
1724 7 1 1 1 0 0 0 0 0
1725 1 0 0 0 0 0 0 0 0
1728 2 0 0 0 0 0 1 0 0
1729 1 0 0 1 0 0 0 0 0
1730 2 0 0 0 0 0 0 0 0
1731 2 0 0 1 0 0 0 0 0
1737 3 0 0 0 0 0 2 0 0
1738 12 0 0 3 0 0 4 0 0
1739 1 0 0 0 0 0 0 0 0
1741 4 0 0 4 0 0 0 0 0
1744 14 1 1 3 0 0 0 0 0
1745 12 0 0 8 0 0 0 0 0
1748 3 1 1 2 0 0 1 0 0
1749 3 0 0 1 0 0 0 0 0
1750 1 0 0 0 0 0 1 0 0
1752 10 1 1 0 0 0 0 0 0
1753 11 0 0 8 0 0 0 0 0
1763 2 1 1 0 0 0 1 0 0
1765 2 1 1 1 0 0 1 0 0
1766 3 0 0 1 0 0 0 0 0
1768 2 0 0 0 0 0 1 0 0
1770 3 0 0 0 0 0 0 0 0
1772 3 0 0 1 0 0 0 0 0
1773 1 0 0 1 0 0 0 0 0
1786 2 0 0 0 0 0 0 0 0
1787 2 1 1 1 0 0 1 0 0
1788 3 0 0 1 0 0 0 0 0
1799 5 0 0 1 0 0 1 0 0
1800 2 0 0 1 0 0 1 0 0
1801 6 1 1 0 0 0 2 0 0
1811 2 0 0 1 0 0 1 0 0
1812 3 0 0 1 0 0 0 0 0
1813 2 0 0 0 0 0 2 0 0
1815 3 0 0 1 0 0 0 0 0
1818 1 0 0 0 0 0 1 0 0
1820 3 1 1 1 0 0 0 0 0
2050 4 0 0 2 1 1 0 0 0
2058 1 1 1 1 0 0 0 0 0
2106 4 2 2 1 0 0 1 0 0
2110 4 0 0 2 0 0 2 0 0
2114 2 0 0 1 0 0 1 0 0
2117 2 0 0 0 0 0 0 0 0
2125 3 1 1 0 0 0 0 0 0
2171 5 1 1 1 0 0 1 0 0
2178 1 0 0 1 0 0 0 0 0
2180 3 1 1 0 0 0 2 0 0
2181 3 0 0 2 0 0 0 0 0
2182 21 1 1 6 0 0 2 0 0
2184 12 0 0 12 0 0 0 0 0
2189 8 0 0 8 0 0 0 0 0
2191 10 0 0 0 0 0 0 0 0
2193 1 1 1 0 0 0 1 0 0
2194 1 0 0 1 0 0 0 0 0
2197 4 1 1 4 0 0 0 0 0
2199 8 0 0 4 0 0 0 0 0
2200 33 0 0 9 1 0 15 0 0
2204 22 0 0 9 2 0 0 0 0
2205 3 1 1 0 0 0 2 0 0
2207 1 0 0 0 0 0 0 0 0
2209 4 0 0 2 0 0 2 0 0
2215 3 0 0 1 0 0 0 0 0
2220 5 1 1 2 0 0 0 0 0
2221 1 0 0 1 0 0 0 0 0
2226 2 0 0 1 0 0 1 0 0
2230 2 0 0 1 0 0 0 0 0
2244 3 1 1 2 1 0 0 0 0
2246 5 1 1 1 0 0 0 0 0
2261 3 0 0 0 0 0 2 0 0
2263 1 0 0 1 0 0 0 0 0
2264 8 1 1 3 0 0 5 0 0
2265 1 0 0 0 0 0 0 0 0
2267 5 0 0 4 0 0 0 0 0
2275 1 0 0 0 0 0 1 0 0
2279 3 0 0 1 0 0 0 0 0
2299 3 0 0 0 0 0 1 0 0
2300 1 0 0 0 0 0 1 0 0
2301 1 0 0 0 0 0 1 0 0
2306 1 0 0 0 0 0 1 0 0
2311 6 0 0 5 1 0 0 0 0
2481 2 1 1 1 0 0 1 0 0
2483 1 0 0 0 0 0 1 0 0
2484 1 0 0 0 0 0 1 1 1
2488 8 0 0 1 0 0 2 1 1
2490 15 0 0 3 0 0 3 1 1
2494 107 1 1 21 0 0 0 0 0
2495 19 0 0 0 0 0 0 0 0
2497 4 0 0 0 0 0 0 0 0
2503 12 0 0 2 1 1 0 0 0
2526 7 2 2 0 0 0 4 0 0
2533 7 1 1 0 0 0 4 0 0
2535 3 1 1 0 0 0 1 0 0
2579 7 1 1 0 0 0 4 0 0
2581 3 0 0 0 0 0 1 0 0
2643 2 0 0 0 0 0 1 0 0
2653 3 0 0 1 0 0 0 0 0
2686 3 1 1 1 0 0 0 0 0
fn=do_preload
803 9 0 0 0 0 0 5 0 0
805 1 0 0 0 0 0 1 0 0
809 1 0 0 0 0 0 1 0 0
810 1 0 0 0 0 0 1 0 0
811 1 0 0 0 0 0 1 0 0
813 2 0 0 1 0 0 1 0 0
815 10 1 1 0 0 0 5 0 0
816 3 0 0 1 0 0 0 0 0
824 4 1 1 2 0 0 0 0 0
830 6 0 0 5 0 0 0 0 0
fn=init_tls
716 6 2 2 0 0 0 4 0 0
718 2 0 0 1 0 0 1 0 0
722 2 0 0 1 0 0 0 0 0
723 1 0 0 0 0 0 0 0 0
728 2 0 0 0 0 0 1 1 1
731 1 0 0 0 0 0 1 0 0
732 4 0 0 0 0 0 3 0 0
737 1 0 0 0 0 0 0 0 0
739 1 0 0 0 0 0 1 0 0
743 2 1 1 1 1 1 0 0 0
744 1 0 0 0 0 0 0 0 0
745 11 1 1 1 0 0 0 0 0
746 8 0 0 4 0 0 0 0 0
747 8 0 0 4 0 0 0 0 0
751 1 0 0 0 0 0 1 0 0
753 1 0 0 0 0 0 0 0 0
755 2 0 0 0 0 0 0 0 0
758 1 1 1 0 0 0 1 0 0
765 2 0 0 0 0 0 1 0 0
766 2 0 0 0 0 0 0 0 0
772 2 1 1 1 0 0 1 0 0
780 18 1 1 2 0 0 7 0 0
784 1 0 0 0 0 0 1 0 0
786 2 0 0 0 0 0 0 0 0
787 5 1 1 4 0 0 0 0 0
fn=map_doit
624 5 1 1 1 0 0 2 0 0
626 10 1 1 3 0 0 5 1 1
628 3 0 0 3 0 0 0 0 0
fn=rtld_lock_default_lock_recursive
836 5 2 1 5 0 0 0 0 0
837 10 0 0 10 1 1 0 0 0
fn=rtld_lock_default_unlock_recursive
842 5 0 0 5 0 0 0 0 0
843 10 0 0 10 1 0 0 0 0
fn=security_init
850 5 0 0 0 0 0 3 0 0
852 1 0 0 1 0 0 0 0 0
854 1 0 0 0 0 0 1 0 0
861 1 0 0 1 0 0 0 0 0
863 1 0 0 0 0 0 1 0 0
865 1 1 1 0 0 0 1 0 0
870 1 0 0 0 0 0 1 0 0
871 4 0 0 3 0 0 0 0 0
fn=version_check_doit
656 6 1 1 1 0 0 3 0 0
658 6 0 0 2 0 0 1 0 0
662 4 0 0 3 0 0 0 0 0
fl=/build/eglibc-X4bnBz/eglibc-2.19/elf/setup-vdso.h
fn=dl_main
24 3 0 0 1 0 0 0 0 0
fl=/build/eglibc-X4bnBz/eglibc-2.19/io/../sysdeps/unix/syscall-template.S
fn=__read_nocancel
81 660 2 2 396 0 0 132 0 0
fn=__write_nocancel
81 650 1 1 390 0 0 130 0 0
fn=access
81 24 1 1 6 0 0 0 0 0
82 18 1 1 3 0 0 6 0 0
fn=close
81 21 1 1 3 0 0 0 0 0
82 3 0 0 3 0 0 0 0 0
fn=open
81 171 1 1 76 0 0 19 0 0
82 99 0 0 19 0 0 32 0 0
fn=read
81 150 2 2 74 0 0 2 0 0
82 2 0 0 2 0 0 0 0 0
fn=write
81 130 1 1 65 0 0 0 0 0
fl=/build/eglibc-X4bnBz/eglibc-2.19/io/../sysdeps/unix/sysv/linux/fxstat64.c
fn=__fxstat64
33 9 1 1 0 0 0 6 0 0
35 24 1 1 6 0 0 0 0 0
41 6 0 0 6 0 0 0 0 0
fn=__fxstat64@@GLIBC_2.2
33 6 1 1 0 0 0 4 0 0
35 16 1 1 6 0 0 2 0 0
41 4 0 0 4 0 0 0 0 0
fl=/build/eglibc-X4bnBz/eglibc-2.19/io/../sysdeps/unix/sysv/linux/xstat64.c
fn=__xstat64
33 48 1 1 0 0 0 32 0 0
35 173 0 0 32 0 0 15 0 0
41 32 0 0 32 0 0 0 0 0
fl=/build/eglibc-X4bnBz/eglibc-2.19/libio/feof.c
fn=feof
33 9 2 2 3 0 0 6 0 0
36 60 1 1 30 5 3 6 0 0
37 9 0 0 0 0 0 0 0 0
38 30 0 0 6 0 0 6 0 0
40 12 0 0 9 0 0 0 0 0
fl=/build/eglibc-X4bnBz/eglibc-2.19/libio/filedoalloc.c
fn=_IO_file_doallocate
96 16 1 1 2 0 0 10 1 1
111 22 1 1 8 0 0 6 0 0
113 8 0 0 2 1 1 0 0 0
124 12 0 0 2 0 0 0 0 0
128 18 2 2 0 0 0 14 0 0
129 12 0 0 0 0 0 10 0 0
130 2 0 0 0 0 0 0 0 0
131 12 0 0 10 0 0 0 0 0
fl=/build/eglibc-X4bnBz/eglibc-2.19/libio/fileops.c
fn=_IO_do_write@@GLIBC_2.1
509 198 1 1 66 0 0 66 0 0
511 718 0 0 130 0 0 130 0 0
512 198 0 0 132 0 0 0 0 0
fn=_IO_file_overflow@@GLIBC_2.1
824 594 1 1 132 0 0 330 0 0
825 198 0 0 66 0 0 0 0 0
832 392 0 0 130 0 0 0 0 0
835 3 1 1 1 0 0 0 0 0
837 2 1 1 0 0 0 2 0 0
838 6 1 1 2 0 0 3 0 0
847 2 0 0 0 0 0 0 0 0
856 4 0 0 2 0 0 0 0 0
858 1 1 1 0 0 0 1 0 0
859 1 0 0 0 0 0 1 0 0
860 1 0 0 0 0 0 1 0 0
861 2 0 0 0 0 0 2 0 0
863 3 0 0 0 0 0 1 0 0
864 5 0 0 1 0 0 0 0 0
867 132 1 1 0 0 0 0 0 0
868 10 0 0 0 0 0 8 0 0
869 4 1 1 2 0 0 0 0 0
870 128 0 0 64 0 0 0 0 0
871 1024 1 1 192 0 0 256 0 0
873 256 0 0 0 0 0 128 0 0
874 192 0 0 64 0 0 0 0 0
875 128 0 0 0 0 0 0 0 0
879 128 0 0 0 0 0 0 0 0
880 396 0 0 330 0 0 0 0 0
fn=_IO_file_read
1201 198 1 1 198 0 0 0 0 0
1204 462 1 1 132 0 0 198 0 0
fn=_IO_file_setbuf@@GLIBC_2.1
461 6 1 1 1 0 0 3 0 0
462 8 0 0 2 0 0 4 0 0
465 2 0 0 0 0 0 2 0 0
466 2 1 1 1 0 0 1 0 0
467 3 0 0 0 0 0 3 0 0
469 1 0 0 0 0 0 0 0 0
470 4 0 0 3 0 0 0 0 0
fn=_IO_file_stat
1222 2 1 1 0 0 0 0 0 0
1223 14 2 2 6 0 0 8 1 1
1224 4 0 0 2 0 0 0 0 0
fn=_IO_file_sync@@GLIBC_2.1
886 6 1 1 1 0 0 3 0 0
891 4 0 0 2 0 0 0 0 0
893 1 1 1 1 0 0 0 0 0
894 2 0 0 1 0 0 0 0 0
911 3 0 0 0 0 0 2 0 0
915 4 0 0 3 0 0 0 0 0
fn=_IO_file_underflow@@GLIBC_2.1
552 528 1 1 66 0 0 330 0 0
560 198 0 0 66 0 0 0 0 0
566 198 1 1 132 0 0 0 0 0
569 198 0 0 66 0 0 0 0 0
572 3 1 1 1 0 0 0 0 0
577 4 0 0 1 0 0 2 0 0
582 132 0 0 0 0 0 0 0 0
602 132 1 1 0 0 0 132 0 0
608 198 2 2 66 0 0 132 0 0
609 66 0 0 0 0 0 66 0 0
610 132 0 0 0 0 0 132 0 0
611 66 0 0 0 0 0 66 0 0
613 528 0 0 264 1 0 264 0 0
615 132 0 0 0 0 0 0 0 0
617 1 0 0 0 0 0 0 0 0
618 1 0 0 1 0 0 0 0 0
622 65 1 1 65 0 0 0 0 0
624 1 0 0 0 0 0 0 0 0
625 390 0 0 130 0 0 0 0 0
627 130 0 0 130 1 0 0 0 0
628 396 0 0 330 0 0 0 0 0
fn=_IO_file_write@@GLIBC_2.1
1254 390 0 0 130 0 0 195 0 0
1256 455 0 0 130 0 0 0 0 0
1261 455 1 1 130 0 0 260 0 0
1262 130 0 0 0 0 0 0 0 0
1267 65 0 0 0 0 0 0 0 0
1268 65 0 0 0 0 0 0 0 0
1271 260 0 0 130 0 0 0 0 0
1274 520 1 1 325 0 0 0 0 0
fn=_IO_file_xsputn@@GLIBC_2.1
1281 1179675 0 0 262150 0 0 655375 1 1
1287 262150 0 0 0 0 0 0 0 0
1288 131075 0 0 0 0 0 0 0 0
1294 8 1 1 2 0 0 0 0 0
1311 10 0 0 4 0 0 0 0 0
1312 2 0 0 0 0 0 0 0 0
1315 6 0 0 0 0 0 0 0 0
1320 8 0 0 2 0 0 6 0 0
1325 1 0 0 1 0 0 0 0 0
1326 3 0 0 0 0 0 0 0 0
1328 6 0 0 0 0 0 0 0 0
1332 7 1 1 3 0 0 3 0 0
1338 2 0 0 2 0 0 0 0 0
1339 6 0 0 0 0 0 0 0 0
1341 3 0 0 0 0 0 0 0 0
1352 2 0 0 0 0 0 0 0 0
1353 7 1 1 1 0 0 4 0 0
1355 4 0 0 0 0 0 0 0 0
1356 786450 1 1 655375 0 0 0 0 0
fn=new_do_write
521 390 1 1 0 0 0 195 0 0
523 130 0 0 65 0 0 0 0 0
530 260 1 1 130 0 0 0 0 0
533 65 0 0 0 0 0 0 0 0
538 585 1 1 260 0 0 260 1 1
539 195 0 0 65 0 0 0 0 0
541 260 0 0 65 0 0 195 0 0
542 130 0 0 0 0 0 130 0 0
543 65 0 0 0 0 0 65 0 0
544 195 1 1 65 0 0 0 0 0
545 260 0 0 130 0 0 0 0 0
547 325 0 0 260 0 0 0 0 0
fl=/build/eglibc-X4bnBz/eglibc-2.19/libio/fputc.c
fn=fputc
34 589824 1 1 131072 0 0 327680 0 0
37 1048576 1 1 589824 0 0 65536 0 0
38 458752 0 0 131072 0 0 131072 0 0
41 458752 0 0 327680 0 0 0 0 0
fl=/build/eglibc-X4bnBz/eglibc-2.19/libio/genops.c
fn=_IO_cleanup
950 13 1 1 4 0 0 0 0 0
952 9 0 0 3 0 0 0 0 0
953 4 0 0 0 0 0 0 0 0
954 2 0 0 0 0 0 0 0 0
956 4 1 1 1 0 0 0 0 0
962 17 0 0 7 0 0 2 0 0
970 5 0 0 2 0 0 0 0 0
972 2 0 0 0 0 0 1 0 0
974 2 0 0 1 0 0 1 0 0
975 1 1 1 0 0 0 1 0 0
976 2 0 0 1 0 0 1 0 0
977 4 0 0 1 0 0 1 0 0
980 6 0 0 3 0 0 4 0 0
983 5 0 0 1 0 0 0 0 0
984 8 1 1 3 0 0 1 0 0
990 3 1 1 0 0 0 3 0 0
1010 7 2 2 0 0 0 5 0 0
1013 3 0 0 0 0 0 3 0 0
1025 7 0 0 6 0 0 0 0 0
fn=_IO_default_setbuf
557 5 1 1 2 0 0 2 0 0
558 6 1 1 3 0 0 2 0 0
560 2 0 0 0 0 0 0 0 0
562 1 0 0 1 0 0 0 0 0
563 7 0 0 0 0 0 5 0 0
570 3 1 1 0 0 0 3 0 0
571 3 0 0 0 0 0 3 0 0
572 1 0 0 0 0 0 0 0 0
573 4 0 0 3 0 0 0 0 0
fn=_IO_default_uflow
434 198 2 2 66 0 0 66 0 0
435 264 0 0 198 0 0 132 0 0
436 132 0 0 0 0 0 0 0 0
437 2 0 0 0 0 0 0 0 0
438 260 0 0 130 0 0 65 0 0
439 198 0 0 132 0 0 0 0 0
fn=_IO_default_xsputn
447 9 1 1 2 0 0 5 0 0
450 5 0 0 2 0 0 0 0 0
451 1 0 0 0 0 0 0 0 0
455 4 0 0 2 0 0 0 0 0
457 3 1 1 0 0 0 0 0 0
460 2 0 0 0 0 0 0 0 0
470 4 0 0 0 0 0 1 0 0
474 10 0 0 1 0 0 1 0 0
475 9 0 0 3 0 0 3 1 1
478 1 0 0 0 0 0 0 0 0
480 2 0 0 0 0 0 0 0 0
484 2 1 1 1 0 0 0 0 0
485 6 0 0 5 0 0 0 0 0
fn=_IO_doallocbuf
414 6 1 1 2 0 0 2 0 0
415 6 0 0 2 0 0 0 0 0
417 4 0 0 2 0 0 0 0 0
418 12 1 1 6 2 1 4 1 1
421 6 0 0 4 0 0 0 0 0
fn=_IO_flush_all_lockp
822 8 1 1 1 0 0 5 0 0
823 1 0 0 0 0 0 1 0 0
828 3 0 0 0 0 0 1 0 0
833 1 0 0 1 1 1 0 0 0
834 1 1 1 1 1 1 0 0 0
835 8 0 0 0 0 0 0 0 0
837 3 0 0 0 0 0 3 0 0
838 6 1 1 0 0 0 0 0 0
839 3 0 0 1 0 0 1 0 0
841 20 2 2 10 1 1 0 0 0
848 5 0 0 2 0 0 3 0 0
849 5 0 0 1 0 0 1 0 0
851 6 0 0 0 0 0 0 0 0
853 3 0 0 0 0 0 3 0 0
855 9 1 1 3 0 0 0 0 0
862 6 1 1 3 1 1 0 0 0
866 2 0 0 0 0 0 0 0 0
868 3 1 1 1 0 0 0 0 0
872 7 0 0 6 0 0 0 0 0
fn=_IO_setb
399 18 1 1 3 0 0 9 0 0
400 14 0 0 6 0 0 0 0 0
402 6 0 0 3 0 0 3 0 0
403 6 0 0 3 0 0 3 0 0
404 9 1 1 3 0 0 0 0 0
405 4 0 0 0 0 0 2 0 0
407 2 0 0 0 0 0 1 0 0
408 12 0 0 9 0 0 0 0 0
fn=_IO_switch_to_get_mode
182 198 2 2 66 0 0 66 0 0
183 198 0 0 132 0 0 0 0 0
186 198 0 0 66 0 0 0 0 0
190 132 0 0 66 0 0 66 0 0
191 132 0 0 66 0 0 0 0 0
194 66 0 0 0 0 0 66 0 0
196 132 1 1 0 0 0 132 0 0
198 132 0 0 0 0 0 66 0 0
199 66 0 0 0 0 0 0 0 0
200 198 0 0 132 0 0 0 0 0
fn=__overflow
239 384 1 1 64 0 0 192 0 0
241 192 0 0 64 0 0 0 0 0
243 384 1 1 256 0 0 192 0 0
244 256 0 0 192 0 0 0 0 0
fn=__uflow
363 396 1 1 66 0 0 198 0 0
365 659 1 1 198 3 1 1 0 0
369 263 1 1 66 0 0 0 0 0
371 132 0 0 66 0 0 0 0 0
374 198 0 0 132 0 0 0 0 0
376 132 0 0 66 0 0 0 0 0
382 198 0 0 66 0 0 0 0 0
387 198 1 1 66 0 0 0 0 0
389 264 1 1 198 2 0 132 0 0
390 264 0 0 198 0 0 0 0 0
fl=/build/eglibc-X4bnBz/eglibc-2.19/libio/getc.c
fn=getc
35 1835043 2 2 262149 0 0 1048596 0 0
38 4194384 1 1 2359341 3 0 262149 0 0
39 1572960 1 1 786381 64 63 262215 0 0
42 1572894 0 0 1048596 0 0 0 0 0
fl=/build/eglibc-X4bnBz/eglibc-2.19/libio/libioP.h
fn=fputc
904 131072 0 0 65536 0 0 0 0 0
905 524288 1 1 262144 0 0 65536 0 0
fn=getc
904 524298 0 0 262149 0 0 0 0 0
905 2097192 0 0 1048596 0 0 262149 0 0
fl=/build/eglibc-X4bnBz/eglibc-2.19/libio/oldstdfiles.c
fn=_IO_check_libio
77 4 1 1 0 0 0 3 0 0
78 3 1 1 1 0 0 0 0 0
91 3 1 1 3 0 0 0 0 0
fl=/build/eglibc-X4bnBz/eglibc-2.19/malloc/arena.c
fn=malloc_hook_ini
373 3 0 0 1 1 1 0 0 0
fn=ptmalloc_init.part.6
334 234 0 0 78 6 0 0 0 0
336 154 0 0 77 40 0 0 0 0
337 2 0 0 1 0 0 0 0 0
338 2 0 0 1 0 0 0 0 0
352 77 0 0 0 0 0 0 0 0
371 8 1 1 0 0 0 5 0 0
376 1 1 1 0 0 0 1 0 0
384 3 0 0 1 0 0 0 0 0
385 8 2 2 0 0 0 2 0 0
386 5 0 0 2 0 0 0 0 0
391 4 0 0 2 2 0 1 1 0
392 13 1 1 1 1 0 7 2 2
394 6 1 1 2 1 0 0 0 0
455 2 0 0 0 0 0 0 0 0
461 2 0 0 2 0 0 0 0 0
462 2 0 0 0 0 0 0 0 0
464 1 0 0 0 0 0 1 1 0
465 6 0 0 5 1 0 0 0 0
fl=/build/eglibc-X4bnBz/eglibc-2.19/malloc/hooks.c
fn=malloc_hook_ini
29 6 2 2 1 0 0 3 0 0
30 2 0 0 1 0 0 1 0 0
32 3 0 0 0 0 0 2 0 0
33 3 0 0 2 0 0 0 0 0
fl=/build/eglibc-X4bnBz/eglibc-2.19/malloc/malloc.c
fn=_int_free
1869 9 0 0 3 0 0 0 0 0
3814 27 1 1 0 0 0 18 0 0
3827 9 0 0 3 0 0 0 0 0
3833 12 1 1 0 0 0 0 0 0
3834 6 0 0 0 0 0 0 0 0
3845 6 0 0 0 0 0 0 0 0
3858 6 0 0 3 1 1 0 0 0
3869 12 0 0 3 0 0 0 0 0
3870 12 1 1 6 1 1 0 0 0
3894 6 0 0 0 0 0 3 0 0
3896 12 0 0 9 1 1 0 0 0
3897 9 0 0 0 0 0 3 0 0
3898 3 0 0 0 0 0 0 0 0
3901 3 1 1 3 0 0 0 0 0
3902 12 0 0 0 0 0 0 0 0
3907 12 0 0 3 0 0 0 0 0
3916 12 0 0 0 0 0 0 0 0
3918 3 1 1 0 0 0 3 0 0
3920 18 0 0 6 0 0 0 0 0
3922 12 0 0 0 0 0 0 0 0
4087 18 0 0 15 0 0 0 0 0
fn=_int_malloc
1862 24 0 0 8 0 0 0 0 0
2271 36 1 1 12 3 0 18 0 0
2272 2 0 0 0 0 0 1 0 0
2282 33 1 1 22 1 0 0 0 0
2297 30 0 0 15 0 0 0 0 0
2303 10 0 0 0 0 0 0 0 0
2305 40 1 1 0 0 0 35 0 0
2307 10 0 0 0 0 0 0 0 0
2322 15 1 1 0 0 0 0 0 0
2337 15 0 0 0 0 0 5 5 5
2342 20 0 0 10 0 0 0 0 0
2343 25 0 0 10 0 0 0 0 0
2346 20 1 1 10 1 0 0 0 0
2347 25 0 0 10 0 0 0 0 0
2360 3 1 1 1 0 0 1 0 0
2369 5 0 0 2 0 0 0 0 0
2378 4 1 1 0 0 0 1 0 0
2433 3 1 1 2 0 0 0 0 0
2442 5 0 0 2 0 0 0 0 0
2452 7 1 1 1 0 0 2 0 0
2460 2 0 0 0 0 0 0 0 0
2462 5 0 0 2 1 0 3 0 0
2466 3 0 0 1 0 0 0 0 0
2469 2 0 0 2 1 0 0 0 0
2470 2 0 0 0 0 0 0 0 0
2489 1 0 0 0 0 0 0 0 0
2493 2 1 1 1 0 0 0 0 0
2516 3 0 0 1 1 0 0 0 0
2517 1 1 1 0 0 0 1 0 0
2518 3 0 0 1 0 0 1 0 0
2524 2 0 0 1 0 0 0 0 0
2527 7 1 1 3 0 0 0 0 0
2563 2 0 0 0 0 0 0 0 0
2569 6 2 2 0 0 0 1 0 0
2588 1 1 1 1 0 0 0 0 0
2591 2 0 0 0 0 0 0 0 0
2592 7 0 0 2 0 0 1 0 0
2594 2 0 0 0 0 0 0 0 0
2595 4 1 1 3 0 0 2 0 0
2607 2 0 0 0 0 0 0 0 0
2615 2 0 0 2 0 0 0 0 0
2616 3 0 0 1 0 0 0 0 0
2654 2 0 0 1 0 0 1 0 0
2655 4 0 0 0 0 0 1 1 1
2656 2 1 1 1 0 0 1 0 0
2667 3 0 0 1 0 0 0 0 0
2700 2 1 1 1 0 0 0 0 0
2701 1 0 0 0 0 0 1 0 0
2706 2 0 0 1 0 0 0 0 0
2709 2 0 0 1 0 0 0 0 0
2711 3 0 0 1 0 0 1 0 0
2712 1 0 0 0 0 0 0 0 0
2713 1 0 0 0 0 0 1 0 0
2714 8 0 0 1 0 0 1 0 0
2715 3 0 0 1 0 0 1 0 0
2717 1 0 0 0 0 0 0 0 0
3302 64 1 1 0 0 0 48 2 0
3332 88 1 1 8 0 0 8 0 0
3340 16 0 0 8 1 0 0 0 0
3342 9 0 0 0 0 0 3 0 0
3343 6 0 0 0 0 0 0 0 0
3344 3 0 0 3 0 0 0 0 0
3348 6 0 0 0 0 0 0 0 0
3377 16 1 1 8 0 0 0 0 0
3379 14 0 0 8 0 0 3 0 0
3380 3 0 0 0 0 0 0 0 0
3382 9 0 0 3 1 0 0 0 0
3421 115 5 5 20 0 0 5 0 0
3422 10 0 0 5 0 0 0 0 0
3423 2 0 0 0 0 0 1 0 0
3442 40 1 1 16 0 0 8 0 0
3462 16 1 1 0 0 0 8 0 0
3576 16 1 1 8 0 0 0 0 0
3578 10 1 1 5 0 0 0 0 0
3581 15 0 0 5 0 0 0 0 0
3649 16 0 0 8 0 0 0 0 0
3650 8 0 0 0 0 0 0 0 0
3651 16 0 0 0 0 0 0 0 0
3652 8 1 1 8 1 0 0 0 0
3653 16 0 0 0 0 0 0 0 0
3658 56 0 0 8 0 0 8 0 0
3662 51 0 0 0 0 0 0 0 0
3665 27 0 0 9 0 0 0 0 0
3765 9 1 1 8 0 0 0 0 0
3766 25 1 1 8 0 0 1 0 0
3768 16 0 0 8 0 0 0 0 0
3770 4 1 1 2 0 0 0 0 0
3771 2 0 0 0 0 0 0 0 0
3772 2 0 0 0 0 0 2 0 0
3773 16 0 0 0 0 0 2 0 0
3775 4 0 0 0 0 0 2 0 0
3778 2 0 0 0 0 0 0 0 0
3785 12 0 0 6 0 0 0 0 0
3790 48 0 0 8 0 0 16 0 0
3792 200 1 1 0 0 0 80 0 0
3801 12 1 1 0 0 0 0 0 0
3806 56 0 0 40 0 0 0 0 0
fn=free
2912 50 1 1 10 0 0 20 0 0
2917 20 0 0 20 2 2 0 0 0
2918 20 0 0 0 0 0 0 0 0
2924 20 1 1 0 0 0 0 0 0
2927 8 0 0 0 0 0 0 0 0
2929 24 0 0 8 5 2 0 0 0
2932 15 1 1 5 1 1 0 0 0
2933 10 0 0 5 1 1 0 0 0
2934 10 0 0 0 0 0 0 0 0
2941 10 0 0 0 0 0 0 0 0
2945 9 0 0 0 0 0 0 0 0
2946 6 0 0 0 0 0 3 0 0
2947 22 1 1 12 0 0 0 0 0
fn=malloc
2876 45 1 1 0 0 0 27 0 0
2881 18 1 1 18 4 0 0 0 0
2882 18 0 0 0 0 0 0 0 0
2883 6 1 1 2 0 0 3 0 0
2885 24 0 0 24 2 0 0 0 0
2887 56 0 0 16 0 0 0 0 0
2891 32 1 1 8 0 0 8 0 0
2892 16 0 0 0 0 0 0 0 0
2903 32 0 0 16 0 0 0 0 0
2904 47 1 1 8 0 0 0 0 0
2907 36 0 0 27 1 0 0 0 0
fn=malloc_consolidate
4104 8 1 1 0 0 0 5 0 0
4126 3 0 0 1 0 0 0 0 0
4196 1 0 0 0 0 0 0 0 0
4199 5 1 1 4 0 0 0 0 0
fn=malloc_init_state
1780 8 1 1 0 0 0 3 0 0
1785 254 0 0 0 0 0 0 0 0
1788 381 0 0 0 0 0 254 17 16
1792 3 0 0 0 0 0 0 0 0
1796 1 0 0 0 0 0 1 0 0
1797 2 0 0 0 0 0 1 0 0
1799 1 0 0 0 0 0 1 0 0
1800 4 1 1 4 0 0 0 0 0
fn=munmap_chunk
2802 30 2 2 0 0 0 20 0 0
2803 15 0 0 5 0 0 0 0 0
2805 10 0 0 0 0 0 0 0 0
2807 15 0 0 5 0 0 0 0 0
2808 5 0 0 0 0 0 0 0 0
2814 35 0 0 10 0 0 0 0 0
2821 5 0 0 10 0 0 0 0 0
2822 15 0 0 10 0 0 0 0 0
2827 15 1 1 0 0 0 15 0 0
2828 25 0 0 20 0 0 0 0 0
fl=/build/eglibc-X4bnBz/eglibc-2.19/malloc/morecore.c
fn=__default_morecore
46 2 1 1 0 0 0 0 0 0
47 6 0 0 2 0 0 4 0 0
49 6 0 0 0 0 0 0 0 0
52 4 0 0 2 0 0 0 0 0
fl=/build/eglibc-X4bnBz/eglibc-2.19/math/../sysdeps/ieee754/dbl-64/s_isinf.c
fn=isinf
21 65536 1 1 0 0 0 0 0 0
23 262144 0 0 196608 0 0 65536 0 0
24 262144 0 0 0 0 0 0 0 0
25 196608 0 0 0 0 0 0 0 0
26 262144 0 0 0 0 0 0 0 0
27 131072 0 0 65536 0 0 0 0 0
fl=/build/eglibc-X4bnBz/eglibc-2.19/math/../sysdeps/ieee754/dbl-64/s_isnan.c
fn=isnan
28 65536 1 1 0 0 0 0 0 0
30 262144 1 1 196608 0 0 65536 0 0
31 65536 0 0 0 0 0 0 0 0
32 327680 0 0 0 0 0 0 0 0
33 131072 0 0 0 0 0 0 0 0
34 65536 0 0 0 0 0 0 0 0
35 131072 0 0 65536 0 0 0 0 0
fl=/build/eglibc-X4bnBz/eglibc-2.19/misc/../sysdeps/unix/syscall-template.S
fn=mprotect
81 45 1 1 20 0 0 5 0 0
82 5 0 0 5 0 0 0 0 0
fn=munmap
81 48 1 1 17 0 0 5 0 0
82 6 0 0 6 0 0 0 0 0
fl=/build/eglibc-X4bnBz/eglibc-2.19/misc/../sysdeps/unix/sysv/linux/i386/brk.c
fn=brk
33 8 1 1 2 0 0 4 0 0
37 10 0 0 2 0 0 2 0 0
39 4 0 0 2 0 0 2 0 0
41 4 0 0 0 0 0 0 0 0
47 2 0 0 0 0 0 0 0 0
48 4 0 0 4 0 0 0 0 0
fl=/build/eglibc-X4bnBz/eglibc-2.19/misc/../sysdeps/unix/sysv/linux/i386/mmap.S
fn=mmap
29 15 2 2 0 0 0 15 0 0
31 15 0 0 0 0 0 15 0 0
33 15 0 0 0 0 0 15 0 0
35 15 0 0 0 0 0 15 0 0
38 15 0 0 15 0 0 0 0 0
40 15 0 0 15 0 0 0 0 0
41 15 0 0 15 0 0 0 0 0
42 15 0 0 15 0 0 0 0 0
44 15 0 0 15 0 0 0 0 0
46 15 0 0 15 0 0 0 0 0
48 15 1 1 0 0 0 0 0 0
49 15 0 0 0 0 0 0 0 0
50 15 0 0 0 0 0 0 0 0
51 15 0 0 0 0 0 0 0 0
53 15 1 1 0 0 0 0 0 0
56 15 0 0 7 0 0 7 0 0
59 15 0 0 15 0 0 0 0 0
62 15 0 0 15 0 0 0 0 0
65 15 0 0 15 0 0 0 0 0
68 15 0 0 15 0 0 0 0 0
73 15 0 0 0 0 0 0 0 0
74 15 0 0 0 0 0 0 0 0
77 15 0 0 15 0 0 0 0 0
fl=/build/eglibc-X4bnBz/eglibc-2.19/misc/init-misc.c
fn=__init_misc
30 7 1 1 1 0 0 4 0 0
31 5 0 0 1 0 0 0 0 0
33 3 0 0 0 0 0 3 0 0
34 2 1 1 0 0 0 0 0 0
37 3 0 0 1 0 0 1 1 0
38 3 0 0 2 0 0 1 1 0
40 5 0 0 4 0 0 0 0 0
fl=/build/eglibc-X4bnBz/eglibc-2.19/misc/sbrk.c
fn=sbrk
34 16 1 1 2 0 0 10 0 0
42 11 1 1 5 2 0 0 0 0
43 6 1 1 1 0 0 2 1 0
46 4 0 0 0 0 0 0 0 0
50 3 0 0 0 0 0 0 0 0
53 6 0 0 0 0 0 2 0 0
57 14 0 0 10 0 0 0 0 0
fl=/build/eglibc-X4bnBz/eglibc-2.19/nptl/../nptl/sysdeps/unix/sysv/linux/register-atfork.c
fn=__linkin_atfork
114 4 1 1 1 0 0 2 0 0
116 2 0 0 1 1 1 1 0 0
117 6 0 0 2 0 0 0 0 0
119 2 1 1 2 0 0 0 0 0
fl=/build/eglibc-X4bnBz/eglibc-2.19/nptl/../nptl/sysdeps/unix/sysv/linux/unregister-atfork.c
fn=__unregister_atfork
28 9 1 1 1 0 0 5 0 0
36 1 0 0 1 1 1 0 0 0
39 4 0 0 0 0 0 0 0 0
40 2 0 0 1 0 0 0 0 0
45 1 0 0 1 0 0 0 0 0
121 6 0 0 5 0 0 0 0 0
fl=/build/eglibc-X4bnBz/eglibc-2.19/posix/../sysdeps/unix/syscall-template.S
fn=uname
81 7 2 2 1 0 0 0 0 0
82 1 0 0 1 0 0 0 0 0
fl=/build/eglibc-X4bnBz/eglibc-2.19/posix/../sysdeps/unix/sysv/linux/i386/_exit.S
fn=_Exit
24 1 1 1 1 0 0 0 0 0
28 1 0 0 0 0 0 0 0 0
29 1 0 0 1 0 0 1 0 0
fl=/build/eglibc-X4bnBz/eglibc-2.19/setjmp/../sysdeps/i386/bsd-_setjmp.S
fn=_setjmp
33 1 1 1 0 0 0 0 0 0
34 1 0 0 1 0 0 0 0 0
37 1 0 0 0 0 0 1 0 0
38 1 0 0 0 0 0 1 0 0
39 1 0 0 0 0 0 1 0 0
40 1 0 0 0 0 0 0 0 0
42 2 0 0 1 0 0 0 0 0
44 1 0 0 0 0 0 1 0 0
45 1 0 0 1 0 0 0 0 0
48 2 0 0 1 0 0 0 0 0
50 1 0 0 0 0 0 1 0 0
51 1 1 1 0 0 0 1 0 0
53 1 0 0 0 0 0 1 0 0
54 1 0 0 1 0 0 0 0 0
fl=/build/eglibc-X4bnBz/eglibc-2.19/setjmp/../sysdeps/i386/setjmp.S
fn=__sigsetjmp
30 3 1 1 3 0 0 0 0 0
33 3 0 0 0 0 0 3 0 0
34 3 0 0 0 0 0 3 0 0
35 3 0 0 0 0 0 3 0 0
36 3 0 0 0 0 0 0 0 0
40 3 0 0 0 0 0 3 0 0
41 3 0 0 3 0 0 0 0 0
46 3 0 0 0 0 0 3 0 0
47 3 0 0 0 0 0 3 0 0
51 3 0 0 0 0 0 0 0 0
52 3 0 0 3 0 0 0 0 0
fl=/build/eglibc-X4bnBz/eglibc-2.19/stdio-common/../include/rounding-mode.h
fn=__printf_fp
52 131072 0 0 0 0 0 0 0 0
fl=/build/eglibc-X4bnBz/eglibc-2.19/stdio-common/../nptl/sysdeps/pthread/allocalim.h
fn=__printf_fp
28 131072 0 0 0 0 0 0 0 0
fl=/build/eglibc-X4bnBz/eglibc-2.19/stdio-common/../sysdeps/generic/get-rounding-mode.h
fn=__printf_fp
93 65536 1 1 0 0 0 65536 0 0
94 458752 2 2 65536 0 0 0 0 0
fl=/build/eglibc-X4bnBz/eglibc-2.19/stdio-common/_itoa.c
fn=_itoa_word
165 9 2 2 3 0 0 5 0 0
168 5 0 0 1 0 0 0 0 0
170 2 0 0 0 0 0 0 0 0
179 38 1 1 3 1 1 3 0 0
188 6 0 0 5 0 0 0 0 0
fl=/build/eglibc-X4bnBz/eglibc-2.19/stdio-common/fprintf.c
fn=fprintf
27 65537 1 1 0 0 0 0 0 0
31 65537 0 0 0 0 0 0 0 0
32 393222 0 0 131074 0 0 262148 0 0
36 131074 1 1 65537 0 0 0 0 0
fl=/build/eglibc-X4bnBz/eglibc-2.19/stdio-common/printf-parse.h
fn=vfprintf
108 524296 2 2 65537 0 0 458759 1 1
fl=/build/eglibc-X4bnBz/eglibc-2.19/stdio-common/printf_fp.c
fn=__printf_fp
161 524288 1 1 0 0 0 327680 0 0
175 65536 0 0 0 0 0 65536 0 0
176 65536 0 0 0 0 0 65536 0 0
194 65536 0 0 0 0 0 65536 0 0
196 65536 0 0 0 0 0 65536 0 0
208 65536 1 1 0 0 0 65536 0 0
215 458752 0 0 131072 0 0 65536 0 0
274 196608 1 1 0 0 0 0 0 0
276 524288 0 0 327680 3 3 196608 0 0
277 131072 0 0 65536 0 0 65536 0 0
300 327680 1 1 131072 0 0 0 0 0
342 65536 1 1 0 0 0 65536 0 0
349 131072 0 0 0 0 0 0 0 0
351 131072 0 0 131072 0 0 0 0 0
396 65536 1 1 65536 0 0 0 0 0
400 393216 0 0 65536 0 0 196608 0 0
415 393216 1 1 65536 0 0 196608 0 0
431 655360 2 2 0 0 0 458752 0 0
435 327680 0 0 0 0 0 65536 0 0
471 458752 2 2 65536 0 0 0 0 0
472 65536 0 0 0 0 0 0 0 0
475 458752 0 0 0 0 0 131072 0 0
476 262144 0 0 0 0 0 65536 0 0
477 262144 0 0 0 0 0 65536 0 0
483 65536 0 0 0 0 0 65536 0 0
484 131072 0 0 0 0 0 0 0 0
493 262144 1 1 65536 0 0 0 0 0
501 786432 1 1 65536 0 0 327680 1 1
503 393216 1 1 0 0 0 0 0 0
504 589824 0 0 196608 0 0 65536 0 0
505 131072 0 0 0 0 0 0 0 0
506 524288 1 1 131072 0 0 196608 0 0
508 655360 2 2 65536 0 0 196608 0 0
513 851968 1 1 0 0 0 0 0 0
517 4259840 0 0 1703936 4 4 0 0 0
519 131072 0 0 0 0 0 0 0 0
542 65536 0 0 65536 0 0 0 0 0
543 589824 0 0 262144 0 0 262144 0 0
544 131072 0 0 0 0 0 65536 0 0
549 196608 1 1 0 0 0 65536 0 0
558 917504 0 0 262144 0 0 327680 0 0
561 524288 1 1 131072 0 0 327680 0 0
562 196608 0 0 196608 0 0 0 0 0
563 327680 0 0 0 0 0 65536 0 0
564 327680 1 1 65536 0 0 0 0 0
567 851968 0 0 0 0 0 0 0 0
569 2490368 0 0 1638400 0 0 0 0 0
570 131072 0 0 65536 0 0 65536 0 0
576 196608 0 0 0 0 0 65536 0 0
580 2097152 1 1 458752 0 0 327680 0 0
584 262144 0 0 196608 0 0 65536 0 0
586 131072 1 1 65536 0 0 0 0 0
602 65536 0 0 0 0 0 0 0 0
603 327680 0 0 196608 0 0 0 0 0
606 196608 0 0 0 0 0 0 0 0
615 327680 0 0 65536 0 0 0 0 0
623 65536 1 1 0 0 0 0 0 0
625 131072 2 2 0 0 0 0 0 0
643 786432 0 0 131072 0 0 458752 0 0
644 131072 0 0 0 0 0 0 0 0
646 65536 0 0 65536 0 0 0 0 0
647 720896 1 1 262144 0 0 327680 0 0
650 524288 1 1 196608 0 0 65536 0 0
828 196608 0 0 131072 0 0 65536 0 0
837 65536 0 0 0 0 0 65536 0 0
838 458752 1 1 393216 2 2 65536 0 0
840 196608 0 0 0 0 0 0 0 0
850 131072 0 0 65536 0 0 0 0 0
870 393216 1 1 131072 0 0 65536 0 0
871 393216 2 2 196608 0 0 0 0 0
884 65536 0 0 0 0 0 65536 0 0
885 196608 0 0 0 0 0 65536 0 0
886 327680 0 0 131072 0 0 65536 0 0
892 131072 1 1 0 0 0 65536 0 0
894 393216 0 0 196608 0 0 131072 0 0
898 196608 0 0 65536 0 0 0 0 0
912 262144 0 0 0 0 0 0 0 0
913 196608 1 1 65536 0 0 0 0 0
919 131072 1 1 65536 0 0 0 0 0
920 65536 0 0 0 0 0 65536 0 0
929 393216 0 0 0 0 0 65536 0 0
930 196608 0 0 65536 0 0 65536 0 0
933 262144 1 1 65536 0 0 0 0 0
936 1114112 1 1 458752 0 0 131072 0 0
938 196608 0 0 0 0 0 0 0 0
939 589824 0 0 196608 0 0 393216 1 1
941 131072 0 0 0 0 0 65536 0 0
942 196608 0 0 131072 0 0 0 0 0
943 196608 0 0 65536 0 0 0 0 0
944 655360 2 2 262144 0 0 0 0 0
945 65536 1 1 65536 0 0 0 0 0
957 65536 0 0 0 0 0 0 0 0
958 131072 0 0 0 0 0 131072 0 0
959 196608 0 0 65536 0 0 0 0 0
960 524288 2 2 262144 0 0 0 0 0
975 262144 0 0 131072 0 0 65536 0 0
976 196608 0 0 65536 0 0 65536 0 0
978 262144 0 0 0 0 0 0 0 0
979 65536 0 0 0 0 0 65536 0 0
980 524288 0 0 196608 0 0 0 0 0
982 65536 0 0 0 0 0 65536 0 0
1094 131072 0 0 65536 0 0 0 0 0
1101 327680 1 1 131072 0 0 0 0 0
1102 262144 0 0 131072 0 0 0 0 0
1104 196608 0 0 65536 0 0 0 0 0
1117 196608 1 1 65536 0 0 0 0 0
1163 458752 1 1 196608 0 0 0 0 0
1165 524288 1 1 131072 0 0 131072 0 0
1167 524288 0 0 131072 0 0 0 0 0
1170 131072 1 1 0 0 0 0 0 0
1172 262144 1 1 131072 0 0 0 0 0
1174 131072 1 1 0 0 0 0 0 0
1177 327680 1 1 131072 0 0 0 0 0
1186 196608 0 0 65536 0 0 0 0 0
1194 262144 0 0 131072 0 0 0 0 0
1196 262144 1 1 65536 0 0 196608 0 0
1198 196608 0 0 65536 0 0 0 0 0
1199 131072 0 0 0 0 0 65536 0 0
1203 131072 0 0 65536 0 0 0 0 0
1204 131072 1 1 65536 0 0 0 0 0
1205 196608 0 0 65536 0 0 0 0 0
1216 393216 0 0 0 0 0 65536 0 0
1217 196608 0 0 65536 0 0 65536 0 0
1223 917504 1 1 131072 0 0 0 0 0
1224 589824 0 0 196608 0 0 0 0 0
1226 393216 0 0 196608 0 0 0 0 0
1229 393216 0 0 0 0 0 196608 0 0
1232 65536 0 0 65536 0 0 0 0 0
1233 196608 1 1 131072 0 0 0 0 0
1250 3276928 4 4 1179648 0 0 589888 63 63
1253 196608 1 1 65536 0 0 0 0 0
1260 262144 1 1 196608 0 0 0 0 0
1264 393216 0 0 327680 0 0 0 0 0
fn=hack_digit.13422
231 1835008 1 1 0 0 0 1048576 1 1
234 786432 0 0 262144 0 0 0 0 0
236 786432 0 0 262144 0 0 0 0 0
243 786432 0 0 262144 0 0 0 0 0
247 2621440 2 2 786432 0 0 1835008 0 0
248 1310720 0 0 786432 0 0 262144 0 0
249 262144 0 0 262144 0 0 0 0 0
251 262144 0 0 0 0 0 262144 0 0
252 1966080 1 1 524288 0 0 0 0 0
253 131072 0 0 0 0 0 0 0 0
258 131072 0 0 0 0 0 131072 0 0
259 131072 0 0 0 0 0 0 0 0
263 655360 0 0 0 0 0 655360 0 0
264 262144 0 0 0 0 0 0 0 0
265 655360 0 0 262144 0 0 262144 0 0
269 1835008 1 1 1048576 0 0 0 0 0
fl=/build/eglibc-X4bnBz/eglibc-2.19/stdio-common/vfprintf.c
fn=vfprintf
235 589833 1 1 65537 0 0 327685 0 0
240 131074 0 0 0 0 0 131074 0 0
270 327685 1 1 196611 2 2 131074 1 1
274 65537 0 0 0 0 0 65537 0 0
277 65537 0 0 0 0 0 65537 1 1
283 65537 1 1 0 0 0 65537 0 0
1295 655369 0 0 196611 1 1 1 0 0
1299 393222 0 0 131074 1 1 0 0 0
1303 393222 1 1 131074 0 0 0 0 0
1304 393222 0 0 131074 0 0 0 0 0
1310 131074 0 0 0 0 0 0 0 0
1317 65537 0 0 0 0 0 65537 0 0
1321 131074 0 0 65537 0 0 65537 1 1
1325 65537 0 0 0 0 0 65537 0 0
1332 65537 0 0 0 0 0 65537 0 0
1336 655370 1 1 196611 2 2 262148 0 0
1337 917518 1 1 524296 1 1 65537 0 0
1340 786444 0 0 393222 2 2 327685 0 0
1344 196611 1 1 131074 0 0 0 0 0
1348 655370 0 0 196611 2 2 0 0 0
1375 65537 0 0 0 0 0 65537 0 0
1376 65537 1 1 0 0 0 65537 0 0
1377 65537 0 0 0 0 0 65537 0 0
1378 65537 0 0 0 0 0 65537 0 0
1379 65537 0 0 0 0 0 65537 0 0
1380 65537 0 0 0 0 0 65537 0 0
1381 65537 0 0 0 0 0 65537 0 0
1382 65537 0 0 0 0 0 65537 0 0
1383 65537 1 1 0 0 0 65537 0 0
1384 65537 0 0 0 0 0 65537 0 0
1385 65537 0 0 0 0 0 65537 0 0
1388 65537 0 0 0 0 0 65537 0 0
1389 131074 0 0 0 0 0 65537 0 0
1392 65537 0 0 0 0 0 65537 0 0
1393 65537 0 0 0 0 0 0 0 0
1396 917518 2 2 393222 2 2 131074 0 0
1660 5242992 29 29 1179689 0 0 1245201 2 2
1680 131074 1 1 65537 0 0 0 0 0
1682 65537 0 0 0 0 0 65537 0 0
1688 327685 0 0 65537 0 0 196611 0 0
1692 1507351 2 2 393222 0 0 393222 0 0
1694 131074 0 0 65537 0 0 0 0 0
2091 131074 0 0 65537 0 0 0 0 0
2093 196611 1 1 65537 0 0 0 0 0
2095 196611 0 0 65537 0 0 0 0 0
2098 655370 2 2 327685 0 0 65537 0 0
2099 196611 0 0 65537 0 0 0 0 0
2101 65537 0 0 65537 0 0 0 0 0
2102 458759 1 1 327685 0 0 0 0 0
fl=/build/eglibc-X4bnBz/eglibc-2.19/stdlib/../include/rounding-mode.h
fn=round_away
45 786432 1 1 393216 0 0 262144 0 0
46 655360 1 1 0 0 0 0 0 0
52 786432 0 0 0 0 0 0 0 0
63 524288 0 0 393216 0 0 0 0 0
fl=/build/eglibc-X4bnBz/eglibc-2.19/stdlib/../sysdeps/generic/get-rounding-mode.h
fn=round_and_return
93 131072 0 0 0 0 0 131072 0 0
94 917504 2 2 131072 0 0 0 0 0
103 131072 0 0 0 0 0 131072 0 0
fl=/build/eglibc-X4bnBz/eglibc-2.19/stdlib/../sysdeps/i386/lshift.S
fn=__mpn_lshift
31 196608 1 1 0 0 0 196608 0 0
33 196608 0 0 0 0 0 196608 0 0
35 196608 0 0 0 0 0 196608 0 0
38 196608 0 0 196608 0 0 0 0 0
40 196608 0 0 196608 0 0 0 0 0
42 196608 0 0 196608 0 0 0 0 0
43 196608 0 0 196608 0 0 0 0 0
44 196608 0 0 0 0 0 0 0 0
46 196608 0 0 196608 0 0 0 0 0
49 196608 0 0 0 0 0 0 0 0
50 196608 0 0 0 0 0 0 0 0
51 196608 0 0 0 0 0 0 0 0
52 196608 1 1 0 0 0 0 0 0
53 65536 0 0 0 0 0 65536 0 0
55 65536 0 0 0 0 0 0 0 0
56 65536 0 0 0 0 0 0 0 0
64 65536 0 0 65536 0 0 0 0 0
65 65536 0 0 0 0 0 0 0 0
66 65536 0 0 0 0 0 65536 0 0
67 65536 0 0 0 0 0 0 0 0
68 65536 0 0 0 0 0 0 0 0
70 65536 0 0 0 0 0 0 0 0
71 65536 0 0 0 0 0 65536 0 0
73 65536 0 0 65536 0 0 0 0 0
76 65536 0 0 65536 0 0 0 0 0
79 65536 0 0 65536 0 0 0 0 0
82 65536 0 0 65536 0 0 0 0 0
86 65536 0 0 65536 0 0 0 0 0
89 131072 0 0 0 0 0 0 0 0
90 131072 0 0 0 0 0 131072 0 0
92 131072 0 0 131072 0 0 0 0 0
95 131072 0 0 131072 0 0 0 0 0
98 131072 0 0 131072 0 0 0 0 0
102 131072 0 0 131072 0 0 0 0 0
fl=/build/eglibc-X4bnBz/eglibc-2.19/stdlib/../sysdeps/i386/mul_1.S
fn=__mpn_mul_1
37 131072 1 1 0 0 0 131072 0 0
39 131072 0 0 0 0 0 131072 0 0
41 131072 0 0 0 0 0 131072 0 0
43 131072 0 0 0 0 0 131072 0 0
46 131072 0 0 131072 0 0 0 0 0
48 131072 0 0 131072 0 0 0 0 0
50 131072 0 0 131072 0 0 0 0 0
51 131072 1 1 131072 0 0 0 0 0
53 131072 0 0 0 0 0 0 0 0
54 131072 0 0 0 0 0 0 0 0
55 131072 0 0 0 0 0 0 0 0
56 262144 0 0 0 0 0 0 0 0
60 131072 0 0 131072 0 0 0 0 0
61 131072 0 0 0 0 0 0 0 0
62 131072 0 0 0 0 0 0 0 0
63 131072 0 0 0 0 0 131072 0 0
64 131072 0 0 0 0 0 0 0 0
65 131072 0 0 0 0 0 0 0 0
67 131072 0 0 0 0 0 0 0 0
68 131072 0 0 0 0 0 0 0 0
69 131072 0 0 0 0 0 0 0 0
71 131072 0 0 131072 0 0 0 0 0
74 131072 0 0 131072 0 0 0 0 0
77 131072 0 0 131072 0 0 0 0 0
80 131072 0 0 131072 0 0 0 0 0
84 131072 0 0 131072 0 0 0 0 0
fl=/build/eglibc-X4bnBz/eglibc-2.19/stdlib/../sysdeps/i386/rshift.S
fn=__mpn_rshift
31 131072 1 1 0 0 0 131072 0 0
33 131072 0 0 0 0 0 131072 0 0
35 131072 0 0 0 0 0 131072 0 0
38 131072 0 0 131072 0 0 0 0 0
40 131072 0 0 131072 0 0 0 0 0
42 131072 0 0 131072 0 0 0 0 0
43 131072 0 0 131072 0 0 0 0 0
44 131072 0 0 0 0 0 0 0 0
45 131072 0 0 0 0 0 0 0 0
46 131072 0 0 0 0 0 0 0 0
48 131072 0 0 131072 0 0 0 0 0
51 131072 0 0 0 0 0 0 0 0
52 131072 0 0 0 0 0 0 0 0
53 131072 0 0 0 0 0 0 0 0
54 131072 0 0 0 0 0 0 0 0
55 131072 0 0 0 0 0 131072 0 0
57 131072 0 0 0 0 0 0 0 0
58 131072 0 0 0 0 0 0 0 0
66 131072 0 0 131072 0 0 0 0 0
67 131072 0 0 0 0 0 0 0 0
68 131072 1 1 0 0 0 131072 0 0
69 131072 0 0 0 0 0 0 0 0
70 131072 0 0 0 0 0 0 0 0
72 131072 0 0 0 0 0 0 0 0
73 131072 0 0 0 0 0 131072 0 0
75 131072 0 0 131072 0 0 0 0 0
78 131072 0 0 131072 0 0 0 0 0
81 131072 0 0 131072 0 0 0 0 0
84 131072 0 0 131072 0 0 0 0 0
88 131072 0 0 131072 0 0 0 0 0
fl=/build/eglibc-X4bnBz/eglibc-2.19/stdlib/../sysdeps/ieee754/dbl-64/dbl2mpn.c
fn=__mpn_extract_double
33 393216 2 2 131072 0 0 196608 0 0
35 131072 0 0 131072 0 0 0 0 0
37 262144 0 0 65536 0 0 65536 0 0
38 327680 0 0 0 0 0 65536 0 0
41 131072 0 0 0 0 0 65536 0 0
42 262144 0 0 0 0 0 65536 0 0
56 196608 0 0 0 0 0 0 0 0
103 131072 1 1 0 0 0 65536 0 0
107 393216 0 0 262144 0 0 0 0 0
fl=/build/eglibc-X4bnBz/eglibc-2.19/stdlib/../sysdeps/ieee754/dbl-64/mpn2dbl.c
fn=__mpn_construct_double
29 262144 1 1 131072 0 0 0 0 0
32 786432 0 0 262144 0 0 131072 0 0
33 786432 0 0 131072 0 0 0 0 0
35 262144 0 0 131072 0 0 131072 0 0
36 655360 1 1 131072 0 0 131072 0 0
46 131072 0 0 131072 0 0 0 0 0
47 262144 0 0 131072 0 0 0 0 0
fl=/build/eglibc-X4bnBz/eglibc-2.19/stdlib/atof.c
fn=atof
26 131072 0 0 0 0 0 0 0 0
27 524288 0 0 131072 0 0 393216 0 0
28 262144 0 0 131072 0 0 0 0 0
fl=/build/eglibc-X4bnBz/eglibc-2.19/stdlib/atoi.c
fn=atoi
26 2 1 1 0 0 0 0 0 0
27 10 0 0 2 0 0 8 0 0
28 4 1 1 2 0 0 0 0 0
fl=/build/eglibc-X4bnBz/eglibc-2.19/stdlib/cmp.c
fn=__mpn_cmp
38 262144 1 1 131072 0 0 131072 0 0
42 196608 0 0 65536 0 0 0 0 0
44 65536 0 0 65536 0 0 0 0 0
45 65536 0 0 65536 0 0 0 0 0
46 131072 0 0 0 0 0 0 0 0
54 262144 0 0 0 0 0 0 0 0
55 196608 0 0 196608 0 0 0 0 0
fl=/build/eglibc-X4bnBz/eglibc-2.19/stdlib/cxa_atexit.c
fn=__cxa_atexit
35 3 0 0 0 0 0 2 0 0
37 2 0 0 0 0 0 0 0 0
41 3 0 0 2 0 0 0 0 0
43 1 1 1 0 0 0 1 0 0
44 2 0 0 1 0 0 1 0 0
45 2 0 0 1 0 0 1 0 0
47 1 0 0 0 0 0 1 0 0
48 1 0 0 0 0 0 0 0 0
57 4 1 1 0 0 0 2 0 0
59 3 0 0 2 0 0 0 0 0
fn=__new_exitfn
73 7 1 1 0 0 0 5 0 0
74 3 0 0 0 0 0 0 0 0
79 6 1 1 2 1 1 0 0 0
81 9 1 1 3 1 0 0 0 0
83 3 0 0 1 1 1 0 0 0
91 1 0 0 0 0 0 1 0 0
112 1 1 1 0 0 0 0 0 0
113 2 0 0 0 0 0 1 0 0
126 1 1 1 0 0 0 1 0 0
127 2 0 0 2 1 1 0 0 0
130 4 0 0 2 0 0 0 0 0
133 7 0 0 5 0 0 0 0 0
fl=/build/eglibc-X4bnBz/eglibc-2.19/stdlib/cxa_finalize.c
fn=__cxa_finalize
31 8 1 1 1 0 0 5 0 0
35 9 1 1 3 0 0 2 0 0
39 10 1 1 2 0 0 1 0 0
67 7 2 2 2 0 0 0 0 0
71 8 0 0 1 1 1 0 0 0
79 2 0 0 0 0 0 0 0 0
80 2 0 0 0 0 0 1 0 0
82 5 0 0 4 0 0 0 0 0
fl=/build/eglibc-X4bnBz/eglibc-2.19/stdlib/cxa_thread_atexit_impl.c
fn=__call_tls_dtors
82 7 1 1 0 0 0 5 0 0
83 8 1 1 2 0 0 1 1 1
86 1 0 0 0 0 0 1 0 0
101 6 1 1 5 0 0 0 0 0
fl=/build/eglibc-X4bnBz/eglibc-2.19/stdlib/divrem.c
fn=__mpn_divrem
56 2097152 2 2 262144 0 0 1310720 1 1
57 262144 0 0 0 0 0 262144 0 0
59 524288 0 0 262144 0 0 0 0 0
72 524288 1 1 524288 0 0 0 0 0
73 1048576 0 0 524288 0 0 0 0 0
75 524288 1 1 0 0 0 0 0 0
81 1310720 0 0 524288 0 0 524288 0 0
82 1769472 0 0 262144 0 0 0 0 0
83 589824 0 0 196608 0 0 196608 0 0
84 786432 1 1 524288 0 0 0 0 0
86 786432 0 0 262144 0 0 0 0 0
89 262144 1 1 0 0 0 262144 0 0
91 262144 0 0 262144 0 0 0 0 0
244 1572864 0 0 1310720 0 0 0 0 0
fl=/build/eglibc-X4bnBz/eglibc-2.19/stdlib/exit.c
fn=__run_exit_handlers
35 11 2 2 3 0 0 6 0 0
40 2 0 0 1 1 1 1 0 0
46 9 0 0 2 1 1 0 0 0
50 6 0 0 0 0 0 0 0 0
52 1 0 0 0 0 0 1 0 0
53 1 0 0 0 0 0 0 0 0
54 5 0 0 1 0 0 0 0 0
80 3 1 1 2 0 0 0 0 0
82 4 0 0 1 0 0 3 0 0
83 1 0 0 0 0 0 0 0 0
87 2 1 1 1 0 0 1 0 0
88 2 0 0 0 0 0 0 0 0
94 2 0 0 1 0 0 0 0 0
95 8 0 0 1 1 1 1 0 0
97 2 0 0 0 0 0 2 0 0
fn=exit
103 4 1 1 0 0 0 2 0 0
104 6 1 1 1 0 0 4 0 0
fl=/build/eglibc-X4bnBz/eglibc-2.19/stdlib/strtod.c
fn=strtod
68 524288 1 1 0 0 0 262144 0 0
69 1310720 0 0 655360 1 0 655360 0 0
70 393216 1 1 262144 0 0 0 0 0
fl=/build/eglibc-X4bnBz/eglibc-2.19/stdlib/strtod_l.c
fn=____strtod_l_internal
483 917504 1 1 0 0 0 655360 1 1
489 131072 0 0 0 0 0 131072 0 0
537 262144 0 0 262144 1 0 0 0 0
539 393216 1 1 131072 0 0 0 0 0
556 131072 0 0 0 0 0 131072 0 0
557 131072 0 0 0 0 0 131072 1 1
571 131072 0 0 131072 1 0 0 0 0
572 393216 0 0 0 0 0 393216 1 1
573 262144 1 1 0 0 0 0 0 0
588 262144 0 0 0 0 0 262144 0 0
589 131072 0 0 0 0 0 131072 0 0
590 131072 0 0 0 0 0 131072 0 0
594 655360 0 0 393216 1 0 0 0 0
597 393216 0 0 131072 0 0 0 0 0
598 393216 1 1 131072 1 0 0 0 0
601 262144 0 0 0 0 0 0 0 0
603 393216 0 0 262144 1 1 0 0 0
606 262144 0 0 0 0 0 0 0 0
619 655360 0 0 262144 0 0 131072 0 0
620 262144 0 0 131072 0 0 0 0 0
628 393216 1 1 0 0 0 0 0 0
676 524288 1 1 262144 0 0 0 0 0
695 1048576 1 1 131072 0 0 393216 0 0
719 393216 0 0 262144 1 1 0 0 0
720 393216 0 0 0 0 0 0 0 0
752 262144 1 1 0 0 0 131072 0 0
762 786432 0 0 0 0 0 0 0 0
763 262144 0 0 131072 0 0 0 0 0
766 131072 1 1 131072 0 0 0 0 0
775 393216 0 0 131072 0 0 0 0 0
788 262144 0 0 131072 0 0 0 0 0
789 131072 0 0 0 0 0 0 0 0
791 393216 1 1 131072 0 0 0 0 0
833 655360 0 0 131072 0 0 131072 0 0
842 262144 0 0 0 0 0 0 0 0
843 524288 1 1 262144 0 0 131072 0 0
867 131072 0 0 0 0 0 0 0 0
868 1310720 1 1 131072 0 0 393216 0 0
869 262144 0 0 0 0 0 0 0 0
1000 393216 1 1 262144 0 0 0 0 0
1010 1048576 2 2 393216 0 0 0 0 0
1029 393216 0 0 131072 0 0 0 0 0
1032 393216 0 0 131072 0 0 0 0 0
1035 393216 0 0 131072 0 0 0 0 0
1068 262144 1 1 131072 0 0 0 0 0
1160 262144 0 0 262144 0 0 0 0 0
1161 131072 0 0 131072 0 0 0 0 0
1162 1703936 2 2 393216 0 0 262144 0 0
1163 393216 0 0 131072 0 0 131072 0 0
1164 524288 1 1 0 0 0 262144 0 0
1167 1441792 1 1 262144 0 0 262144 0 0
1170 393216 0 0 0 0 0 0 0 0
1173 393216 0 0 131072 0 0 0 0 0
1176 1966080 2 2 393216 0 0 917504 0 0
1182 1048576 1 1 393216 0 0 0 0 0
1226 524288 0 0 131072 0 0 131072 0 0
1227 524288 1 1 0 0 0 131072 0 0
1231 262144 0 0 0 0 0 0 0 0
1237 262144 0 0 131072 0 0 0 0 0
1269 393216 1 1 262144 0 0 0 0 0
1272 1048576 1 1 131072 0 0 0 0 0
1274 262144 0 0 0 0 0 0 0 0
1282 262144 0 0 0 0 0 0 0 0
1284 1703936 1 1 131072 0 0 786432 0 0
1285 262144 1 1 0 0 0 0 0 0
1288 917504 0 0 131072 0 0 131072 0 0
1303 1441792 2 2 262144 0 0 917504 0 0
1748 786432 1 1 655360 0 0 0 0 0
fn=round_and_return
201 1310720 1 1 262144 0 0 655360 0 0
204 262144 0 0 0 0 0 0 0 0
293 2490368 2 2 524288 0 0 393216 0 0
296 1179648 1 1 393216 0 0 524288 0 0
300 1310720 0 0 393216 0 0 0 0 0
327 786432 0 0 131072 0 0 524288 0 0
328 786432 1 1 655360 0 0 0 0 0
fn=str_to_mpn.isra.0
337 1179648 2 2 0 0 0 786432 1 1
350 262144 0 0 131072 0 0 131072 1 1
351 786432 0 0 0 0 0 131072 0 0
373 131072 1 1 0 0 0 0 0 0
385 655360 0 0 131072 0 0 0 0 0
398 393216 1 1 0 0 0 0 0 0
399 131072 0 0 0 0 0 0 0 0
401 262144 0 0 131072 0 0 0 0 0
403 1310720 2 2 655360 0 0 131072 0 0
410 262144 0 0 131072 1 1 0 0 0
412 393216 0 0 131072 0 0 0 0 0
414 262144 0 0 131072 0 0 131072 0 0
415 262144 1 1 131072 0 0 131072 0 0
430 917504 0 0 655360 0 0 0 0 0
fl=/build/eglibc-X4bnBz/eglibc-2.19/stdlib/strtol.c
fn=strtol
107 8 1 1 0 0 0 4 0 0
108 24 1 1 12 0 0 12 0 0
109 6 0 0 4 0 0 0 0 0
fl=/build/eglibc-X4bnBz/eglibc-2.19/stdlib/strtol_l.c
fn=____strtol_l_internal
232 14 2 2 0 0 0 10 0 0
246 4 0 0 4 0 0 0 0 0
252 2 1 1 0 0 0 0 0 0
258 6 0 0 2 0 0 0 0 0
279 2 0 0 0 0 0 0 0 0
280 2 0 0 0 0 0 0 0 0
289 8 0 0 4 0 0 0 0 0
298 18 1 1 12 1 1 2 0 0
300 4 0 0 0 0 0 0 0 0
304 2 0 0 0 0 0 2 0 0
305 4 0 0 0 0 0 0 0 0
310 2 0 0 0 0 0 0 0 0
311 6 1 1 2 0 0 0 0 0
314 18 0 0 6 0 0 4 0 0
324 6 0 0 2 0 0 0 0 0
331 4 0 0 2 0 0 0 0 0
334 4 1 1 0 0 0 0 0 0
376 2 0 0 0 0 0 2 0 0
379 4 0 0 2 1 1 2 0 0
380 4 0 0 2 1 1 2 0 0
382 2 0 0 0 0 0 2 0 0
383 2 1 1 0 0 0 0 0 0
438 24 0 0 4 0 0 0 0 0
440 12 0 0 6 0 0 0 0 0
442 12 0 0 0 0 0 0 0 0
456 4 0 0 0 0 0 2 0 0
470 12 1 1 4 0 0 0 0 0
473 16 1 1 8 0 0 0 0 0
478 4 0 0 4 0 0 0 0 0
479 4 0 0 0 0 0 0 0 0
484 4 0 0 2 0 0 0 0 0
489 6 0 0 2 0 0 0 0 0
495 6 1 1 2 0 0 0 0 0
496 4 1 1 0 0 0 0 0 0
498 6 0 0 2 0 0 0 0 0
513 2 0 0 0 0 0 0 0 0
531 12 1 1 10 0 0 0 0 0
fl=/build/eglibc-X4bnBz/eglibc-2.19/string/../bits/stdlib-bsearch.h
fn=intel_check_word
27 30 1 1 0 0 0 0 0 0
28 120 0 0 0 0 0 30 0 0
29 378 0 0 126 0 0 0 0 0
31 682 1 1 196 0 0 0 0 0
32 196 0 0 0 0 0 0 0 0
37 126 0 0 0 0 0 63 0 0
fl=/build/eglibc-X4bnBz/eglibc-2.19/string/../sysdeps/i386/i686/multiarch/../../i586/strchr.S
fn=index
45 7 1 1 0 0 0 7 0 0
47 7 0 0 0 0 0 7 0 0
50 7 0 0 0 0 0 7 0 0
52 7 0 0 0 0 0 7 0 0
55 7 0 0 7 0 0 0 0 0
56 7 0 0 7 0 0 0 0 0
58 7 0 0 0 0 0 0 0 0
60 7 0 0 0 0 0 0 0 0
66 7 0 0 0 0 0 0 0 0
67 7 0 0 0 0 0 0 0 0
69 7 0 0 0 0 0 0 0 0
70 7 0 0 0 0 0 0 0 0
72 7 0 0 0 0 0 0 0 0
73 7 0 0 0 0 0 0 0 0
75 7 0 0 0 0 0 0 0 0
77 3 1 1 0 0 0 0 0 0
78 3 0 0 0 0 0 0 0 0
80 3 0 0 3 2 2 0 0 0
81 3 0 0 0 0 0 0 0 0
83 3 0 0 0 0 0 0 0 0
84 3 0 0 0 0 0 0 0 0
86 3 0 0 3 0 0 0 0 0
87 3 0 0 0 0 0 0 0 0
89 3 0 0 0 0 0 0 0 0
90 3 0 0 0 0 0 0 0 0
92 3 0 0 0 0 0 0 0 0
93 3 0 0 0 0 0 0 0 0
95 3 0 0 0 0 0 0 0 0
96 3 0 0 0 0 0 0 0 0
98 3 0 0 0 0 0 0 0 0
100 3 0 0 3 0 0 0 0 0
102 3 0 0 0 0 0 0 0 0
103 3 0 0 0 0 0 0 0 0
105 3 0 0 0 0 0 0 0 0
106 3 0 0 0 0 0 0 0 0
108 3 0 0 0 0 0 0 0 0
118 7 1 1 7 0 0 0 0 0
119 7 0 0 0 0 0 0 0 0
121 7 0 0 0 0 0 0 0 0
122 7 0 0 0 0 0 0 0 0
147 9 0 0 0 0 0 0 0 0
148 9 0 0 0 0 0 0 0 0
150 9 0 0 0 0 0 0 0 0
151 9 0 0 0 0 0 0 0 0
153 9 0 0 0 0 0 0 0 0
154 9 0 0 0 0 0 0 0 0
156 9 0 0 0 0 0 0 0 0
157 9 0 0 0 0 0 0 0 0
159 9 0 0 0 0 0 0 0 0
160 9 0 0 0 0 0 0 0 0
162 9 0 0 9 0 0 0 0 0
163 9 0 0 0 0 0 0 0 0
165 9 0 0 0 0 0 0 0 0
166 9 1 1 0 0 0 0 0 0
168 9 0 0 0 0 0 0 0 0
169 9 0 0 0 0 0 0 0 0
171 9 0 0 0 0 0 0 0 0
172 9 0 0 0 0 0 0 0 0
174 9 0 0 0 0 0 0 0 0
175 9 0 0 0 0 0 0 0 0
177 8 0 0 0 0 0 0 0 0
178 8 0 0 0 0 0 0 0 0
180 8 0 0 0 0 0 0 0 0
181 8 0 0 0 0 0 0 0 0
183 8 0 0 0 0 0 0 0 0
184 8 0 0 0 0 0 0 0 0
186 8 0 0 0 0 0 0 0 0
187 8 0 0 0 0 0 0 0 0
189 6 0 0 0 0 0 0 0 0
190 6 0 0 0 0 0 0 0 0
192 6 0 0 6 0 0 0 0 0
193 6 1 1 0 0 0 0 0 0
195 6 0 0 0 0 0 0 0 0
196 6 0 0 0 0 0 0 0 0
198 6 0 0 0 0 0 0 0 0
199 6 0 0 0 0 0 0 0 0
201 6 0 0 0 0 0 0 0 0
202 6 0 0 0 0 0 0 0 0
204 6 0 0 0 0 0 0 0 0
205 6 0 0 0 0 0 0 0 0
207 6 0 0 0 0 0 0 0 0
208 6 0 0 0 0 0 0 0 0
210 6 0 0 0 0 0 0 0 0
211 6 0 0 0 0 0 0 0 0
213 6 0 0 0 0 0 0 0 0
214 6 0 0 0 0 0 0 0 0
216 6 0 0 0 0 0 0 0 0
217 6 0 0 0 0 0 0 0 0
219 5 0 0 0 0 0 0 0 0
220 5 0 0 0 0 0 0 0 0
222 5 0 0 5 0 0 0 0 0
223 5 1 1 0 0 0 0 0 0
225 5 0 0 0 0 0 0 0 0
226 5 0 0 0 0 0 0 0 0
228 5 0 0 0 0 0 0 0 0
229 5 0 0 0 0 0 0 0 0
231 5 0 0 0 0 0 0 0 0
232 5 0 0 0 0 0 0 0 0
234 5 0 0 0 0 0 0 0 0
235 5 0 0 0 0 0 0 0 0
237 5 0 0 0 0 0 0 0 0
238 5 0 0 0 0 0 0 0 0
240 5 0 0 0 0 0 0 0 0
241 5 0 0 0 0 0 0 0 0
243 3 0 0 0 0 0 0 0 0
244 3 0 0 0 0 0 0 0 0
246 3 0 0 0 0 0 0 0 0
247 3 0 0 0 0 0 0 0 0
249 2 0 0 0 0 0 0 0 0
250 2 0 0 0 0 0 0 0 0
252 2 0 0 2 0 0 0 0 0
253 2 0 0 0 0 0 0 0 0
255 2 0 0 0 0 0 0 0 0
256 2 0 0 0 0 0 0 0 0
258 2 0 0 0 0 0 0 0 0
259 2 0 0 0 0 0 0 0 0
261 2 0 0 0 0 0 0 0 0
262 2 0 0 0 0 0 0 0 0
264 2 0 0 0 0 0 0 0 0
266 2 0 0 0 0 0 0 0 0
270 1 0 0 0 0 0 0 0 0
271 1 0 0 0 0 0 0 0 0
273 1 0 0 0 0 0 0 0 0
288 7 0 0 7 0 0 0 0 0
291 7 0 0 7 0 0 0 0 0
295 7 0 0 7 0 0 0 0 0
298 7 0 0 7 0 0 0 0 0
302 7 0 0 7 0 0 0 0 0
311 6 1 1 0 0 0 0 0 0
312 6 0 0 0 0 0 0 0 0
314 6 0 0 0 0 0 0 0 0
316 6 0 0 0 0 0 0 0 0
317 6 0 0 0 0 0 0 0 0
319 6 0 0 0 0 0 0 0 0
321 6 0 0 0 0 0 0 0 0
322 6 0 0 0 0 0 0 0 0
324 6 0 0 0 0 0 0 0 0
325 6 0 0 0 0 0 0 0 0
327 5 0 0 0 0 0 0 0 0
328 5 0 0 0 0 0 0 0 0
330 5 0 0 0 0 0 0 0 0
331 5 0 0 0 0 0 0 0 0
333 5 0 0 0 0 0 0 0 0
334 5 0 0 0 0 0 0 0 0
342 6 0 0 0 0 0 0 0 0
343 6 0 0 0 0 0 0 0 0
fl=/build/eglibc-X4bnBz/eglibc-2.19/string/../sysdeps/i386/i686/multiarch/../../i586/strlen.S
fn=__GI_strlen
43 196608 1 1 196608 0 0 0 0 0
44 196608 0 0 0 0 0 0 0 0
46 196608 0 0 0 0 0 0 0 0
48 196608 0 0 0 0 0 0 0 0
94 196608 0 0 196608 2 2 0 0 0
95 196608 0 0 0 0 0 0 0 0
97 196608 0 0 0 0 0 0 0 0
98 196608 0 0 0 0 0 0 0 0
100 196608 0 0 0 0 0 0 0 0
101 196608 1 1 0 0 0 0 0 0
103 196608 0 0 0 0 0 0 0 0
105 196608 0 0 0 0 0 0 0 0
107 196608 0 0 0 0 0 0 0 0
158 196608 1 1 0 0 0 0 0 0
159 196608 0 0 0 0 0 0 0 0
161 196608 0 0 0 0 0 0 0 0
162 196608 0 0 0 0 0 0 0 0
164 196608 0 0 0 0 0 0 0 0
165 196608 0 0 0 0 0 0 0 0
167 196608 0 0 0 0 0 0 0 0
177 196608 0 0 196608 0 0 0 0 0
180 196608 0 0 196608 0 0 0 0 0
fn=strlen
43 15 1 1 15 0 0 0 0 0
44 15 0 0 0 0 0 0 0 0
46 15 0 0 0 0 0 0 0 0
48 15 0 0 0 0 0 0 0 0
49 5 0 0 0 0 0 0 0 0
51 4 0 0 4 0 0 0 0 0
52 4 0 0 0 0 0 0 0 0
54 4 0 0 0 0 0 0 0 0
55 4 0 0 4 0 0 0 0 0
57 4 0 0 0 0 0 0 0 0
59 4 0 0 0 0 0 0 0 0
60 4 0 0 0 0 0 0 0 0
62 4 0 0 0 0 0 0 0 0
64 5 0 0 5 0 0 0 0 0
65 5 0 0 0 0 0 0 0 0
67 5 0 0 0 0 0 0 0 0
68 5 1 1 0 0 0 0 0 0
94 25 0 0 25 3 3 0 0 0
95 25 0 0 0 0 0 0 0 0
97 25 0 0 0 0 0 0 0 0
98 25 0 0 0 0 0 0 0 0
100 25 0 0 0 0 0 0 0 0
101 25 0 0 0 0 0 0 0 0
103 24 0 0 0 0 0 0 0 0
105 24 0 0 0 0 0 0 0 0
107 24 0 0 0 0 0 0 0 0
110 23 0 0 23 0 0 0 0 0
111 23 0 0 0 0 0 0 0 0
113 23 0 0 0 0 0 0 0 0
114 23 0 0 0 0 0 0 0 0
116 23 0 0 0 0 0 0 0 0
117 23 0 0 0 0 0 0 0 0
119 21 0 0 0 0 0 0 0 0
121 21 0 0 0 0 0 0 0 0
123 21 0 0 0 0 0 0 0 0
126 19 0 0 19 0 0 0 0 0
127 19 0 0 0 0 0 0 0 0
129 19 0 0 0 0 0 0 0 0
130 19 0 0 0 0 0 0 0 0
132 19 0 0 0 0 0 0 0 0
133 19 0 0 0 0 0 0 0 0
135 19 0 0 0 0 0 0 0 0
137 19 0 0 0 0 0 0 0 0
139 19 0 0 0 0 0 0 0 0
142 18 0 0 18 0 0 0 0 0
143 18 0 0 0 0 0 0 0 0
145 18 0 0 0 0 0 0 0 0
146 18 0 0 0 0 0 0 0 0
148 18 0 0 0 0 0 0 0 0
149 18 0 0 0 0 0 0 0 0
151 12 0 0 0 0 0 0 0 0
153 12 0 0 0 0 0 0 0 0
155 12 0 0 0 0 0 0 0 0
158 15 1 1 0 0 0 0 0 0
159 15 0 0 0 0 0 0 0 0
161 15 0 0 0 0 0 0 0 0
162 15 0 0 0 0 0 0 0 0
164 11 0 0 0 0 0 0 0 0
165 11 0 0 0 0 0 0 0 0
167 11 0 0 0 0 0 0 0 0
169 6 0 0 0 0 0 0 0 0
170 6 0 0 0 0 0 0 0 0
172 6 0 0 0 0 0 0 0 0
173 6 0 0 0 0 0 0 0 0
177 15 1 1 15 0 0 0 0 0
180 15 0 0 15 0 0 0 0 0
fl=/build/eglibc-X4bnBz/eglibc-2.19/string/../sysdeps/i386/i686/multiarch/../../strrchr.S
fn=__GI_strrchr
33 1 1 1 0 0 0 1 0 0
36 1 0 0 0 0 0 1 0 0
39 1 0 0 0 0 0 0 0 0
40 1 0 0 1 0 0 0 0 0
42 1 0 0 1 0 0 0 0 0
48 1 0 0 0 0 0 0 0 0
49 1 0 0 0 0 0 0 0 0
50 1 1 1 0 0 0 0 0 0
51 1 0 0 0 0 0 0 0 0
64 1 0 0 0 0 0 0 0 0
65 1 0 0 0 0 0 0 0 0
66 1 0 0 1 1 0 0 0 0
67 1 0 0 0 0 0 0 0 0
68 1 0 0 0 0 0 0 0 0
70 1 0 0 0 0 0 0 0 0
71 1 0 0 0 0 0 0 0 0
72 1 0 0 0 0 0 0 0 0
74 1 0 0 0 0 0 0 0 0
75 1 0 0 0 0 0 0 0 0
154 1 1 1 0 0 0 0 0 0
155 1 0 0 0 0 0 0 0 0
156 1 0 0 0 0 0 0 0 0
157 1 0 0 0 0 0 0 0 0
158 1 0 0 0 0 0 0 0 0
166 1 0 0 0 0 0 0 0 0
167 1 0 0 0 0 0 0 0 0
168 1 0 0 0 0 0 0 0 0
171 1 0 0 0 0 0 0 0 0
173 2 1 1 2 1 0 0 0 0
174 2 0 0 0 0 0 0 0 0
175 2 0 0 0 0 0 0 0 0
186 2 0 0 0 0 0 0 0 0
190 2 0 0 0 0 0 0 0 0
193 2 0 0 0 0 0 0 0 0
194 2 0 0 0 0 0 0 0 0
198 2 0 0 0 0 0 0 0 0
204 1 0 0 0 0 0 0 0 0
206 1 0 0 0 0 0 0 0 0
207 1 0 0 0 0 0 0 0 0
210 1 0 0 0 0 0 0 0 0
211 1 0 0 0 0 0 0 0 0
212 1 1 1 0 0 0 0 0 0
213 1 0 0 0 0 0 0 0 0
215 1 0 0 0 0 0 0 0 0
300 1 1 1 0 0 0 0 0 0
301 1 0 0 0 0 0 0 0 0
303 1 1 1 0 0 0 0 0 0
304 1 0 0 0 0 0 0 0 0
323 1 0 0 1 0 0 0 0 0
326 1 0 0 1 0 0 0 0 0
330 1 0 0 1 0 0 0 0 0
fl=/build/eglibc-X4bnBz/eglibc-2.19/string/../sysdeps/i386/i686/multiarch/../memcmp.S
fn=bcmp
46 12 1 1 0 0 0 12 0 0
48 12 0 0 12 0 0 0 0 0
49 12 0 0 12 0 0 0 0 0
50 12 0 0 12 0 0 0 0 0
52 12 0 0 0 0 0 0 0 0
53 12 0 0 0 0 0 0 0 0
71 12 1 1 0 0 0 0 0 0
73 12 0 0 0 0 0 12 0 0
75 12 0 0 0 0 0 0 0 0
77 12 0 0 0 0 0 0 0 0
78 48 0 0 12 1 1 12 0 0
81 12 0 0 0 0 0 0 0 0
82 12 0 0 0 0 0 0 0 0
83 12 0 0 0 0 0 0 0 0
97 1 0 0 1 1 1 0 0 0
98 1 0 0 1 0 0 0 0 0
99 1 0 0 0 0 0 0 0 0
100 1 0 0 0 0 0 0 0 0
102 4 0 0 4 1 1 0 0 0
103 4 0 0 4 0 0 0 0 0
104 4 0 0 0 0 0 0 0 0
105 4 0 0 0 0 0 0 0 0
107 5 1 1 5 0 0 0 0 0
108 5 0 0 5 1 1 0 0 0
109 5 0 0 0 0 0 0 0 0
110 5 0 0 0 0 0 0 0 0
112 5 0 0 5 0 0 0 0 0
113 5 0 0 5 1 1 0 0 0
114 5 0 0 0 0 0 0 0 0
115 5 1 1 0 0 0 0 0 0
117 5 0 0 5 1 1 0 0 0
118 5 0 0 5 1 1 0 0 0
119 5 0 0 0 0 0 0 0 0
120 5 0 0 0 0 0 0 0 0
122 5 0 0 5 0 0 0 0 0
125 5 0 0 0 0 0 0 0 0
126 10 0 0 10 0 0 0 0 0
256 1 0 0 1 1 1 0 0 0
257 1 0 0 1 1 1 0 0 0
258 1 0 0 0 0 0 0 0 0
259 1 0 0 0 0 0 0 0 0
261 5 1 1 5 0 0 0 0 0
262 5 0 0 5 2 2 0 0 0
263 5 0 0 0 0 0 0 0 0
264 5 0 0 0 0 0 0 0 0
266 4 0 0 4 0 0 0 0 0
267 4 0 0 4 0 0 0 0 0
268 4 0 0 0 0 0 0 0 0
269 4 0 0 0 0 0 0 0 0
270 4 0 0 0 0 0 0 0 0
271 4 1 1 0 0 0 0 0 0
272 4 0 0 4 0 0 0 0 0
273 4 0 0 4 0 0 0 0 0
274 4 0 0 0 0 0 0 0 0
275 4 0 0 4 0 0 0 0 0
278 4 0 0 0 0 0 0 0 0
279 8 0 0 8 0 0 0 0 0
349 3 1 1 0 0 0 0 0 0
350 3 0 0 0 0 0 0 0 0
361 3 0 0 0 0 0 0 0 0
362 3 0 0 0 0 0 0 0 0
363 3 0 0 3 0 0 0 0 0
366 6 0 0 6 0 0 0 0 0
fl=/build/eglibc-X4bnBz/eglibc-2.19/string/../sysdeps/i386/i686/multiarch/../memcpy.S
fn=__GI_memcpy
40 131072 1 1 0 0 0 0 0 0
41 131072 0 0 131072 0 0 0 0 0
42 131072 0 0 0 0 0 0 0 0
43 131072 0 0 131072 0 0 0 0 0
45 131072 0 0 0 0 0 0 0 0
46 131072 0 0 0 0 0 0 0 0
47 131072 1 1 0 0 0 0 0 0
48 131072 0 0 131072 0 0 0 0 0
49 131072 0 0 0 0 0 0 0 0
50 131072 0 0 0 0 0 0 0 0
52 131072 0 0 0 0 0 0 0 0
53 131072 0 0 0 0 0 0 0 0
55 131072 0 0 0 0 0 0 0 0
56 131072 0 0 0 0 0 0 0 0
67 131072 0 0 0 0 0 131072 0 0
68 131072 0 0 0 0 0 0 0 0
69 131072 0 0 0 0 0 0 0 0
70 131072 0 0 0 0 0 0 0 0
71 524288 0 0 393216 1 1 393216 0 0
73 131072 0 0 0 0 0 0 0 0
74 131072 0 0 0 0 0 0 0 0
76 131072 0 0 131072 0 0 0 0 0
78 131072 0 0 0 0 0 0 0 0
79 131072 1 1 0 0 0 0 0 0
80 131072 0 0 131072 0 0 0 0 0
82 131072 0 0 131072 0 0 0 0 0
fn=memcpy
40 16 1 1 0 0 0 0 0 0
41 16 0 0 16 0 0 0 0 0
42 16 0 0 0 0 0 0 0 0
43 16 0 0 16 0 0 0 0 0
45 16 0 0 0 0 0 0 0 0
46 16 0 0 0 0 0 0 0 0
47 16 1 1 0 0 0 0 0 0
48 16 0 0 16 0 0 0 0 0
49 16 0 0 0 0 0 0 0 0
50 16 0 0 0 0 0 0 0 0
52 13 0 0 0 0 0 0 0 0
53 13 0 0 0 0 0 0 0 0
55 12 0 0 0 0 0 0 0 0
56 12 0 0 0 0 0 0 0 0
67 12 0 0 0 0 0 12 0 0
68 12 0 0 0 0 0 0 0 0
69 12 0 0 0 0 0 0 0 0
70 12 0 0 0 0 0 0 0 0
71 53 0 0 41 0 0 41 7 7
73 12 0 0 0 0 0 0 0 0
74 22 0 0 10 0 0 10 0 0
76 12 0 0 12 0 0 0 0 0
78 16 0 0 0 0 0 0 0 0
79 16 0 0 0 0 0 0 0 0
80 16 0 0 16 0 0 0 0 0
82 16 0 0 16 0 0 0 0 0
88 4 1 1 0 0 0 0 0 0
89 4 0 0 0 0 0 0 0 0
90 1 0 0 1 0 0 1 1 1
91 4 0 0 0 0 0 0 0 0
92 4 0 0 0 0 0 0 0 0
93 3 0 0 3 0 0 3 1 1
94 24 0 0 20 0 0 20 2 2
96 4 0 0 0 0 0 0 0 0
fl=/build/eglibc-X4bnBz/eglibc-2.19/string/../sysdeps/i386/i686/multiarch/../mempcpy.S
fn=__GI_mempcpy
40 1 1 1 1 0 0 0 0 0
41 1 0 0 0 0 0 0 0 0
43 1 0 0 1 0 0 0 0 0
44 1 0 0 0 0 0 0 0 0
46 1 0 0 1 0 0 0 0 0
47 1 0 0 0 0 0 0 0 0
48 1 0 0 0 0 0 0 0 0
49 1 0 0 0 0 0 0 0 0
50 1 0 0 1 0 0 1 0 0
51 1 0 0 0 0 0 0 0 0
52 1 0 0 0 0 0 0 0 0
54 1 0 0 0 0 0 0 0 0
56 1 0 0 0 0 0 0 0 0
58 1 0 0 0 0 0 0 0 0
61 1 0 0 1 0 0 0 0 0
fn=mempcpy
40 49 1 1 49 0 0 0 0 0
41 49 0 0 0 0 0 0 0 0
43 49 0 0 49 0 0 0 0 0
44 49 0 0 0 0 0 0 0 0
46 49 0 0 49 0 0 0 0 0
47 49 2 1 0 0 0 0 0 0
48 49 0 0 0 0 0 0 0 0
49 49 0 0 0 0 0 0 0 0
50 14 0 0 14 1 1 14 2 2
51 49 0 0 0 0 0 0 0 0
52 49 0 0 0 0 0 0 0 0
53 32 0 0 32 0 0 32 1 1
54 147 0 0 98 1 0 98 2 2
56 49 0 0 0 0 0 0 0 0
58 49 0 0 0 0 0 0 0 0
61 49 0 0 49 0 0 0 0 0
fl=/build/eglibc-X4bnBz/eglibc-2.19/string/../sysdeps/i386/i686/multiarch/../memset.S
fn=memset
48 9 2 2 0 0 0 0 0 0
49 9 0 0 0 0 0 9 0 0
51 9 0 0 9 0 0 0 0 0
52 9 0 0 9 0 0 0 0 0
56 9 0 0 9 0 0 0 0 0
58 9 0 0 0 0 0 0 0 0
59 9 0 0 0 0 0 0 0 0
61 9 0 0 0 0 0 0 0 0
62 9 0 0 0 0 0 0 0 0
63 2 0 0 0 0 0 0 0 0
64 2 0 0 0 0 0 2 0 0
65 2 0 0 0 0 0 0 0 0
66 2 0 0 0 0 0 0 0 0
67 2 0 0 0 0 0 2 0 0
68 2 0 0 0 0 0 0 0 0
69 2 0 0 0 0 0 0 0 0
74 7 1 1 0 0 0 0 0 0
75 7 0 0 0 0 0 0 0 0
76 7 0 0 0 0 0 0 0 0
78 7 0 0 0 0 0 0 0 0
80 112 0 0 0 0 0 105 8 8
82 7 0 0 0 0 0 0 0 0
83 7 0 0 0 0 0 0 0 0
88 9 0 0 9 0 0 0 0 0
90 9 0 0 9 0 0 0 0 0
97 9 0 0 9 0 0 0 0 0
fl=/build/eglibc-X4bnBz/eglibc-2.19/string/../sysdeps/i386/i686/multiarch/../strcmp.S
fn=strcmp
30 255 1 1 255 0 0 0 0 0
31 255 0 0 255 0 0 0 0 0
33 1532 0 0 1532 34 23 0 0 0
34 1532 0 0 1532 16 8 0 0 0
35 1532 0 0 0 0 0 0 0 0
36 1413 0 0 0 0 0 0 0 0
37 1413 0 0 0 0 0 0 0 0
38 1413 0 0 0 0 0 0 0 0
39 1413 0 0 0 0 0 0 0 0
41 136 0 0 0 0 0 0 0 0
44 136 0 0 136 0 0 0 0 0
46 119 0 0 0 0 0 0 0 0
47 119 0 0 0 0 0 0 0 0
48 119 0 0 0 0 0 0 0 0
50 119 0 0 119 0 0 0 0 0
fl=/build/eglibc-X4bnBz/eglibc-2.19/string/../sysdeps/i386/i686/multiarch/memrchr.S
fn=memrchr
36 3 1 1 0 0 0 2 0 0
39 1 1 1 1 0 0 0 0 0
40 1 0 0 0 0 0 0 0 0
43 1 0 0 1 0 0 0 0 0
44 1 0 0 0 0 0 0 0 0
45 1 0 0 1 0 0 0 0 0
46 1 0 0 0 0 0 0 0 0
62 1 0 0 0 0 0 0 0 0
63 1 0 0 1 0 0 0 0 0
65 1 0 0 1 0 0 0 0 0
fl=/build/eglibc-X4bnBz/eglibc-2.19/string/../sysdeps/i386/i686/multiarch/strcat.S
fn=???
55 3277528 1 1 3277528 0 0 0 0 0
fl=/build/eglibc-X4bnBz/eglibc-2.19/string/../sysdeps/i386/i686/multiarch/strncase.S
fn=strncasecmp
27 3 1 1 0 0 0 2 0 0
31 1 1 1 1 0 0 0 0 0
32 1 0 0 0 0 0 0 0 0
34 1 0 0 0 0 0 0 0 0
35 1 0 0 1 0 0 0 0 0
36 1 0 0 0 0 0 0 0 0
37 1 0 0 0 0 0 0 0 0
38 1 0 0 1 0 0 0 0 0
39 1 0 0 0 0 0 0 0 0
43 1 1 1 1 0 0 0 0 0
46 1 0 0 1 0 0 0 0 0
fl=/build/eglibc-X4bnBz/eglibc-2.19/string/../sysdeps/i386/i686/multiarch/strnlen.S
fn=strnlen
28 3 1 1 0 0 0 2 0 0
32 1 0 0 1 1 1 0 0 0
33 1 0 0 0 0 0 0 0 0
34 1 0 0 0 0 0 1 0 0
35 1 0 0 0 0 0 0 0 0
36 1 0 0 1 0 0 0 0 0
37 1 0 0 0 0 0 0 0 0
38 1 0 0 0 0 0 0 0 0
39 1 0 0 1 0 0 0 0 0
42 1 0 0 1 0 0 0 0 0
fl=/build/eglibc-X4bnBz/eglibc-2.19/string/../sysdeps/i386/strchrnul.S
fn=strchrnul
34 131074 1 1 0 0 0 131074 0 0
38 131074 0 0 131074 0 0 0 0 0
39 131074 0 0 131074 0 0 0 0 0
45 131074 0 0 0 0 0 0 0 0
46 131074 0 0 0 0 0 0 0 0
47 131074 0 0 0 0 0 0 0 0
48 131074 1 1 0 0 0 0 0 0
61 131074 0 0 0 0 0 0 0 0
62 131074 0 0 0 0 0 0 0 0
63 65537 0 0 65537 0 0 0 0 0
64 65537 0 0 0 0 0 0 0 0
65 65537 0 0 0 0 0 0 0 0
66 65537 0 0 0 0 0 0 0 0
67 65537 0 0 0 0 0 0 0 0
68 1 0 0 0 0 0 0 0 0
70 1 0 0 0 0 0 0 0 0
71 1 0 0 0 0 0 0 0 0
72 1 0 0 1 0 0 0 0 0
73 1 0 0 0 0 0 0 0 0
74 1 0 0 0 0 0 0 0 0
75 1 0 0 0 0 0 0 0 0
76 1 0 0 0 0 0 0 0 0
123 65537 1 1 65537 1 1 0 0 0
124 65537 0 0 0 0 0 0 0 0
126 65537 0 0 0 0 0 0 0 0
127 65537 0 0 0 0 0 0 0 0
137 65537 0 0 0 0 0 0 0 0
141 65537 0 0 0 0 0 0 0 0
144 65537 0 0 0 0 0 0 0 0
145 65537 0 0 0 0 0 0 0 0
149 65537 0 0 0 0 0 0 0 0
250 65537 1 1 0 0 0 0 0 0
251 65537 0 0 0 0 0 0 0 0
271 131074 1 1 131074 0 0 0 0 0
275 131074 0 0 131074 0 0 0 0 0
fl=/build/eglibc-X4bnBz/eglibc-2.19/string/../sysdeps/x86_64/cacheinfo.c
fn=handle_intel
305 15 1 1 0 0 0 12 0 0
306 6 0 0 0 0 0 0 0 0
317 3 1 1 0 0 0 3 0 0
319 6 0 0 0 0 0 3 0 0
320 6 0 0 0 0 0 3 0 0
322 7 0 0 2 0 0 0 0 0
328 27 2 2 0 0 0 12 0 0
333 6 0 0 3 0 0 0 0 0
335 9 0 0 0 0 0 3 0 0
336 3 0 0 0 0 0 0 0 0
340 18 0 0 3 0 0 9 0 0
341 6 0 0 0 0 0 0 0 0
344 15 0 0 3 0 0 9 0 0
345 6 0 0 0 0 0 0 0 0
348 15 0 0 3 0 0 9 0 0
349 6 0 0 0 0 0 0 0 0
352 15 0 0 3 0 0 9 0 0
353 6 0 0 0 0 0 0 0 0
357 4 0 0 1 0 0 0 0 0
358 2 0 0 1 0 0 0 0 0
361 1 0 0 0 0 0 0 0 0
362 15 1 1 12 0 0 0 0 0
fn=init_cacheinfo
550 7 0 0 0 0 0 5 0 0
563 3 0 0 1 0 0 0 0 0
570 2 1 1 0 0 0 0 0 0
572 4 0 0 1 0 0 1 0 0
575 1 0 0 0 0 0 0 0 0
576 4 1 1 1 0 0 1 0 0
578 2 0 0 0 0 0 0 0 0
581 1 0 0 0 0 0 0 0 0
582 5 1 1 1 0 0 1 0 0
589 2 0 0 1 0 0 1 0 0
607 5 0 0 1 0 0 1 0 0
614 21 1 1 0 0 0 2 0 0
620 6 0 0 0 0 0 0 0 0
623 15 0 0 0 0 0 0 0 0
625 2 1 1 1 0 0 0 0 0
631 6 1 1 2 0 0 1 0 0
657 3 0 0 1 0 0 0 0 0
669 4 0 0 0 0 0 0 0 0
670 5 1 1 0 0 0 0 0 0
744 2 0 0 0 0 0 0 0 0
746 3 1 1 0 0 0 1 1 1
747 1 0 0 0 0 0 1 0 0
749 2 0 0 0 0 0 0 0 0
750 3 0 0 0 0 0 1 0 0
751 1 0 0 0 0 0 1 0 0
754 2 0 0 0 0 0 0 0 0
756 3 0 0 0 0 0 1 0 0
757 1 0 0 0 0 0 1 0 0
759 1 0 0 0 0 0 0 0 0
760 3 1 1 0 0 0 1 0 0
761 1 0 0 0 0 0 1 0 0
763 6 0 0 5 0 0 0 0 0
fn=intel_check_word
150 588 0 0 196 9 9 0 0 0
153 189 0 0 0 0 0 0 0 0
161 108 1 1 0 0 0 84 0 0
162 24 0 0 0 0 0 0 0 0
164 10 0 0 0 0 0 0 0 0
168 108 0 0 12 0 0 12 0 0
170 149 1 1 40 0 0 1 0 0
172 30 0 0 30 0 0 0 0 0
174 60 0 0 0 0 0 0 0 0
182 60 0 0 0 0 0 0 0 0
235 66 0 0 3 0 0 0 0 0
256 2 0 0 1 0 0 0 0 0
275 28 1 1 14 0 0 0 0 0
277 4 1 1 2 0 0 0 0 0
279 4 0 0 2 0 0 0 0 0
281 2 1 1 2 0 0 0 0 0
289 10 0 0 0 0 0 0 0 0
290 4 0 0 2 0 0 2 0 0
295 28 0 0 28 0 0 0 0 0
300 72 0 0 60 0 0 0 0 0
fl=/build/eglibc-X4bnBz/eglibc-2.19/wcsmbs/../sysdeps/i386/i686/multiarch/wcslen.S
fn=wcslen
28 3 1 1 0 0 0 2 0 0
32 1 1 1 1 0 0 0 0 0
33 1 0 0 0 0 0 0 0 0
35 1 0 0 0 0 0 0 0 0
36 1 0 0 1 0 0 0 0 0
37 1 0 0 0 0 0 0 0 0
38 1 0 0 0 0 0 0 0 0
39 1 0 0 1 0 0 0 0 0
42 1 0 0 1 0 0 0 0 0
fl=/home/tomas/repos/orga-compus/tp2/tp2.c
fn=create_matrix
20 9 1 1 0 0 0 3 0 0
21 9 0 0 0 0 0 9 0 0
22 6 0 0 3 0 0 0 0 0
26 12 1 1 6 0 0 0 0 0
30 9 1 1 6 0 0 3 0 0
31 9 0 0 6 0 0 3 0 0
32 6 0 0 3 0 0 3 0 0
33 24 0 0 9 0 0 9 0 0
34 12 0 0 6 0 0 0 0 0
39 3 1 1 3 0 0 0 0 0
40 6 0 0 6 0 0 0 0 0
fn=destroy_matrix
46 9 0 0 0 0 0 3 0 0
47 6 0 0 3 0 0 0 0 0
48 12 0 0 6 0 0 6 0 0
49 9 0 0 3 0 0 6 0 0
51 6 0 0 6 0 0 0 0 0
fn=leerLinea
138 22 3 3 6 0 0 10 0 0
139 2 0 0 0 0 0 2 0 0
140 2 0 0 0 0 0 2 0 0
141 2 0 0 0 0 0 2 1 0
142 2 0 0 0 0 0 2 0 0
143 2 0 0 0 0 0 2 0 0
144 2 1 1 0 0 0 2 0 0
147 2 0 0 0 0 0 2 0 0
148 2 0 0 0 0 0 2 0 0
149 2 0 0 0 0 0 2 0 0
150 1048600 2 2 393225 0 0 0 0 0
151 524296 0 0 131074 0 0 393222 0 0
152 917530 2 2 393228 0 0 0 0 0
153 15 0 0 6 0 0 6 0 0
154 12 0 0 3 0 0 9 0 0
156 524296 0 0 131074 0 0 131074 0 0
157 262148 0 0 131074 0 0 0 0 0
158 262146 0 0 131073 0 0 0 0 0
159 4 1 1 0 0 0 3 0 0
160 7 0 0 2 0 0 3 1 0
161 2 0 0 1 0 0 0 0 0
165 7 1 1 2 0 0 3 0 0
166 2 1 1 1 0 0 0 0 0
171 655360 1 1 393216 0 0 0 0 0
175 262144 0 0 131072 0 0 0 0 0
176 1048576 1 1 393216 0 0 0 0 0
177 720896 0 0 131072 0 0 262144 8192 8192
179 327680 1 1 196608 0 0 0 0 0
182 655360 0 0 131072 0 0 262144 8193 8192
185 262144 0 0 131072 0 0 0 0 0
191 655366 1 1 262146 0 0 0 0 0
192 524288 0 0 131072 0 0 393216 0 0
194 524294 0 0 262147 0 0 0 0 0
195 131072 0 0 0 0 0 131072 0 0
196 655360 0 0 262144 0 0 262144 0 0
199 4 0 0 2 0 0 0 0 0
200 7 0 0 4 0 0 0 0 0
206 10 1 1 4 1 0 5 0 0
208 2 0 0 1 0 0 0 0 0
211 6 1 1 2 1 1 4 0 0
212 6 1 1 2 0 0 4 0 0
213 14 0 0 10 2 2 0 0 0
fn=load_matrix
102 6 2 2 0 0 0 2 0 0
104 1179668 1 1 786442 0 0 2 0 0
105 1441792 0 0 786432 16386 54 131072 16385 16384
107 4 0 0 4 0 0 0 0 0
fn=main
215 4 1 1 0 0 0 1 0 0
218 2 0 0 1 0 0 0 0 0
222 6 1 1 2 0 0 3 0 0
223 1 0 0 0 0 0 1 0 0
224 16 1 1 3 1 1 6 0 0
225 14 0 0 4 0 0 8 0 0
227 1 0 0 0 0 0 0 0 0
228 2 0 0 2 0 0 0 0 0
fn=matrix_multiply
78 4 1 1 0 0 0 2 0 0
82 3 1 1 2 0 0 1 1 1
83 8 0 0 3 0 0 1 0 0
84 165 0 0 130 0 0 1 0 0
85 5280 0 0 4160 0 0 32 0 0
86 1053696 1 1 788480 0 0 1024 0 0
87 14680064 1 1 9437184 0 0 262144 0 0
88 23068672 0 0 12582912 524288 8193 2097152 0 0
89 117440512 0 0 75497472 0 0 2097152 0 0
90 184549376 1 1 100663296 524288 8049 16777216 0 0
91 184549376 0 0 100663296 8207 5 16777216 0 0
92 100663296 0 0 50331648 0 0 16777216 0 0
94 23068672 0 0 12582912 0 0 2097152 0 0
96 4 0 0 3 0 0 0 0 0
fn=multiplicar
122 3 1 1 0 0 0 1 0 0
126 6 0 0 2 0 0 4 0 0
127 6 1 1 2 0 0 4 0 0
128 6 0 0 2 0 0 4 0 0
129 5 0 0 2 0 0 3 0 0
130 5 1 1 2 1 0 3 0 0
131 9 0 0 4 1 0 5 0 0
132 5 0 0 2 1 1 3 0 0
133 3 0 0 1 0 0 2 0 0
134 3 0 0 1 0 0 2 0 0
135 3 0 0 1 0 0 2 0 0
136 2 0 0 2 1 0 0 0 0
fn=print_matrix
57 3 1 1 0 0 0 1 0 0
59 7 1 1 3 0 0 4 0 0
60 1286 0 0 1027 0 0 1 0 0
61 329216 0 0 262912 0 0 256 0 0
62 1048576 1 1 524288 8193 0 262144 0 0
63 394752 0 0 197376 0 0 0 0 0
64 262140 0 0 65535 0 0 196605 0 0
68 4 0 0 1 0 0 3 0 0
69 1 0 0 0 0 0 0 0 0
70 2 0 0 2 0 0 0 0 0
fl=???
fn=???
0 524600 29 26 524447 8 4 68 1 1
fn=__libc_csu_init
0 32 3 3 9 1 0 10 0 0
fn=__x86.get_pc_thunk.bx
0 6 0 0 6 0 0 0 0 0
fn=_dl_debug_initialize
0 1 0 0 0 0 0 0 0 0
fn=_dl_sysinfo_int80
0 295 1 1 147 0 0 0 0 0
summary: 870357102 1134 1126 436953596 1083534 18057 100426274 33086 33036
